EntityId,TeamId,Name,ShortName,RowId,TeamAbbreviation,SecondsPlayed,GamesPlayed,Minutes,PlusMinus,OffPoss,DefPoss,PenaltyOffPoss,PenaltyDefPoss,TotalPoss,Arc3FGA,PenaltyArc3FGA,FG3A,FtPoints,Points,OpponentPoints,PenaltyFG3A,PenaltyFtPoints,PenaltyPoints,NonHeaveArc3FGA,FoulsDrawn,BlockingFoulsDrawn,FTA,NonShootingFoulsDrawn,FirstChancePoints,PenaltyPointsExcludingTakeFouls,PenaltyOffPossExcludingTakeFouls,NonShootingPenaltyNonTakeFoulsDrawn,TsPct,PenaltyTsPct,FG3APct,Pace,SecondsPerPossOff,SecondsPerPossDef,SecondsExcludingORebsPerPossOff,SecondsExcludingORebsPerPossDef,Arc3Frequency,PenaltyArc3Frequency,AtRimFG3AFrequency,ShotQualityAvg,PenaltyShotQualityAvg,PenaltyPointsPct,Avg3ptShotDistance,PenaltyOffPossPct,AtRimFGM,AtRimFGA,PenaltyAtRimFGM,PenaltyAtRimFGA,FG2M,FG2A,PenaltyFG2M,PenaltyFG2A,PtsUnassisted2s,LiveBallTurnovers,BadPassTurnovers,Turnovers,PenaltyTurnovers,ShootingFouls,Fouls,ThreePtShootingFoulsDrawn,Fg2Pct,PenaltyFg2Pct,EfgPct,PenaltyEfgPct,LiveBallTurnoverPct,AtRimFrequency,AtRimAccuracy,UnblockedAtRimAccuracy,PenaltyAtRimFrequency,PenaltyAtRimAccuracy,ShootingFoulsDrawnPct,ThreePtShootingFoulsDrawnPct,Avg2ptShotDistance,LongMidRangeFGA,Fg2aBlocked,DefTwoPtRebounds,FTDefRebounds,DefRebounds,Rebounds,BlockingFouls,Loose Ball Fouls,TwoPtShootingFoulsDrawn,Blocked2s,BlockedAtRim,BlockedShortMidRange,Blocks,NonShootingPenaltyNonTakeFouls,FG2APctBlocked,AtRimPctBlocked,DefFTReboundPct,DefTwoPtReboundPct,DefFGReboundPct,DefAtRimReboundPct,DefShortMidRangeReboundPct,LongMidRangeFrequency,TwoPtShootingFoulsDrawnPct,SecondChanceOffPoss,SecondChanceAtRimFGA,ShortMidRangeFGM,ShortMidRangeFGA,LongMidRangeFGM,Corner3FGM,Corner3FGA,PenaltyCorner3FGM,PenaltyCorner3FGA,FG3M,SecondChanceFG2M,SecondChanceFG2A,SecondChancePoints,PenaltyFG3M,PtsAssisted2s,PtsUnassisted3s,TwoPtAssists,Assists,AtRimAssists,ShortMidRangeAssists,AssistPoints,OffTwoPtRebounds,DefThreePtRebounds,OffRebounds,Steals,LostBallSteals,DeadBallTurnovers,LostBallTurnovers,Offensive Fouls,Assisted2sPct,NonPutbacksAssisted2sPct,Fg3Pct,PenaltyFg3Pct,NonHeaveFg3Pct,SecondChanceFg2Pct,SecondChanceEfgPct,SecondChanceTsPct,OffTwoPtReboundPct,DefThreePtReboundPct,OffFGReboundPct,OffAtRimReboundPct,OffLongMidRangeReboundPct,DefArc3ReboundPct,DefCorner3ReboundPct,AtRimPctAssisted,ShortMidRangeFrequency,ShortMidRangeAccuracy,UnblockedShortMidRangeAccuracy,ShortMidRangePctAssisted,LongMidRangeAccuracy,UnblockedLongMidRangeAccuracy,Corner3Frequency,Corner3Accuracy,UnblockedCorner3Accuracy,SecondChanceAtRimFrequency,PenaltyCorner3Frequency,PenaltyCorner3Accuracy,SecondChanceShotQualityAvg,SecondChancePointsPct,Arc3FGM,PenaltyArc3FGM,PtsAssisted3s,NonHeaveArc3FGM,Fg3aBlocked,ThreePtAssists,Corner3Assists,SelfOReb,SecondChanceTurnovers,Assisted3sPct,FG3APctBlocked,Arc3PctBlocked,SelfORebPct,Corner3PctAssisted,Arc3Accuracy,UnblockedArc3Accuracy,PenaltyArc3Accuracy,NonHeaveArc3Accuracy,LongMidRangeAssists,2pt And 1 Free Throw Trips,DefLongMidRangeReboundPct,LongMidRangePctAssisted,BadPassSteals,RecoveredBlocks,BlocksRecoveredPct,Travels,LostBallOutOfBoundsTurnovers,BlockedLongMidRange,Blocked3s,BlockedCorner3,Clear Path Fouls,SecondChanceArc3FGM,SecondChanceArc3FGA,SecondChanceFG3M,SecondChanceFG3A,Arc3Assists,OffThreePtRebounds,SecondChanceFg3Pct,OffThreePtReboundPct,OffShortMidRangeReboundPct,OffCorner3ReboundPct,Arc3PctAssisted,SecondChanceArc3Frequency,SecondChanceArc3Accuracy,SecondChanceArc3PctAssisted,SecondChanceFtPoints,OffArc3ReboundPct,ShortMidRangePctBlocked,Offensive Fouls Drawn,Loose Ball Fouls Drawn,HeaveAttempts,BadPassOutOfBoundsTurnovers,SecondChanceAtRimFGM,PtsPutbacks,StepOutOfBoundsTurnovers,Charge Fouls Drawn,Technical Free Throw Trips,SecondChanceAtRimAccuracy,FTOffRebounds,OffFTReboundPct,LongMidRangePctBlocked,Charge Fouls,SecondChanceCorner3FGA,SecondChanceCorner3Frequency,Defensive 3 Seconds Violations,SecondChanceAtRimPctAssisted,SecondChanceCorner3FGM,SecondChanceCorner3Accuracy,SecondChanceCorner3PctAssisted,3pt And 1 Free Throw Trips,3SecondViolations,DefensiveGoaltends,BlockedArc3,OffensiveGoaltends,Corner3PctBlocked,team_id,year,season,team_vs
101110-101162-1718-201196-2400,1610612764,"Martell Webster, Marcin Gortat, Paul Pierce, Ramon Sessions, Drew Gooden","Webster, Gortat, Pierce, Sessions, Gooden",101110-101162-1718-201196-2400,WAS,35.0,1,1.0,-2.0,1.0,2.0,1.0,2.0,3.0,1.0,1.0,1.0,2.0,2.0,4.0,1.0,2.0,2.0,1.0,1.0,1.0,2.0,1.0,2.0,2.0,1.0,1.0,0.5,0.5,1.0,123.42857142857142,18.0,8.5,18.0,8.5,1.0,1.0,1.0,0.17505,0.17505,1.0,27.3,1.0,,,,,,,,,,,,,,,,,,,,,,,,,,,,,,,,,,,,,,,,,,,,,,,,,,,,,,,,,,,,,,,,,,,,,,,,,,,,,,,,,,,,,,,,,,,,,,,,,,,,,,,,,,,,,,,,,,,,,,,,,,,,,,,,,,,,,,,,,,,,,,,,,,,,,,,,,,,,,,,,,,,,,,,,,,,,,,,,,,,,,,,,,,,1610612764,2015,2014-15,False
101110-101162-1718-202322-203078,1610612764,"Martell Webster, Marcin Gortat, Paul Pierce, John Wall, Bradley Beal","Webster, Gortat, Pierce, Wall, Beal",101110-101162-1718-202322-203078,WAS,64.0,1,1.0,-1.0,3.0,3.0,3.0,3.0,6.0,,,,3.0,5.0,6.0,,3.0,5.0,,1.0,,3.0,,5.0,5.0,3.0,,1.25,1.25,,135.0,5.0,16.333333333333332,5.0,13.333333333333334,,,1.0,0.574,0.574,1.0,,1.0,1.0,1.0,1.0,1.0,1.0,1.0,1.0,1.0,2.0,1.0,1.0,1.0,1.0,1.0,3.0,1.0,1.0,1.0,1.0,1.0,1.0,1.0,1.0,1.0,1.0,1.0,0.5,1.0,1.6,,,,,,,,,,,,,,,,,,,,,,,,,,,,,,,,,,,,,,,,,,,,,,,,,,,,,,,,,,,,,,,,,,,,,,,,,,,,,,,,,,,,,,,,,,,,,,,,,,,,,,,,,,,,,,,,,,,,,,,,,,,,,,,,,,,,,,,,,,,,,,,,,,,,,,,,,,,,,,1610612764,2015,2014-15,False
101110-101162-1718-202322-2400,1610612764,"Martell Webster, Marcin Gortat, Paul Pierce, John Wall, Drew Gooden","Webster, Gortat, Pierce, Wall, Gooden",101110-101162-1718-202322-2400,WAS,204.0,2,3.0,-2.0,7.0,7.0,4.0,4.0,14.0,,,,5.0,5.0,7.0,,3.0,3.0,,3.0,1.0,6.0,2.0,5.0,3.0,4.0,2.0,0.35714285714285715,0.375,,98.82352941176471,9.571428571428571,19.571428571428573,9.571428571428571,13.0,,,0.75,0.64435,0.61925,0.6,,0.5714285714285714,,3.0,,1.0,,4.0,,2.0,,,,,,,2.0,,,,,,,0.75,,,0.5,,0.2,,5.45,1.0,1.0,3.0,1.0,4.0,4.0,1.0,1.0,1.0,3.0,2.0,1.0,3.0,1.0,0.25,0.3333333333333333,1.0,0.375,0.3333333333333333,0.5,0.25,0.25,0.2,,,,,,,,,,,,,,,,,,,,,,,,,,,,,,,,,,,,,,,,,,,,,,,,,,,,,,,,,,,,,,,,,,,,,,,,,,,,,,,,,,,,,,,,,,,,,,,,,,,,,,,,,,,,,,,,,,,,,,,,,,,,,,,,,,,,,,,1610612764,2015,2014-15,False
101110-101162-1718-202322-2403,1610612764,"Martell Webster, Marcin Gortat, Paul Pierce, John Wall, Nene","Webster, Gortat, Pierce, Wall, Nene",101110-101162-1718-202322-2403,WAS,810.0,4,14.0,-10.0,30.0,27.0,10.0,,57.0,3.0,2.0,4.0,7.0,26.0,36.0,3.0,,7.0,3.0,5.0,,10.0,,24.0,7.0,10.0,,0.4642857142857143,0.35,0.17391304347826086,101.33333333333333,14.0,14.444444444444445,13.6,14.0,0.13043478260869565,0.2,0.4782608695652174,0.5100608695652175,0.48356000000000005,0.2692307692307692,25.65,0.3333333333333333,3.0,7.0,,2.0,8.0,19.0,2.0,7.0,12.0,3.0,1.0,4.0,2.0,3.0,4.0,,0.42105263157894735,0.2857142857142857,0.41304347826086957,0.35,0.75,0.30434782608695654,0.42857142857142855,0.6,0.2,,0.17857142857142858,,9.257894736842106,6.0,2.0,2.0,,6.0,8.0,,,5.0,,,,,,0.10526315789473684,0.2857142857142857,,0.6666666666666666,0.75,1.0,,0.2608695652173913,0.20833333333333334,1.0,1.0,3.0,6.0,2.0,1.0,1.0,1.0,1.0,1.0,1.0,2.0,2.0,1.0,4.0,3.0,2.0,2.0,1.0,1.0,4.0,2.0,4.0,2.0,3.0,3.0,1.0,2.0,1.0,0.25,0.25,0.25,0.3333333333333333,0.25,0.5,0.5,0.5,0.18181818181818182,0.8,0.14285714285714285,0.25,0.25,0.6666666666666666,1.0,0.3333333333333333,0.2608695652173913,0.5,0.5,0.3333333333333333,0.3333333333333333,0.3333333333333333,0.043478260869565216,1.0,1.0,0.5,0.1,1.0,0.4429,0.07692307692307693,,,,,,,,,,,,,,,,,,,,,,,,,,,,,,,,,,,,,,,,,,,,,,,,,,,,,,,,,,,,,,,,,,,,,,,,,,,,1610612764,2015,2014-15,False
101110-101162-1718-202322-2446,1610612764,"Martell Webster, Marcin Gortat, Paul Pierce, John Wall, Rasual Butler","Webster, Gortat, Pierce, Wall, Butler",101110-101162-1718-202322-2446,WAS,133.0,2,2.0,,8.0,6.0,8.0,6.0,14.0,2.0,2.0,4.0,,6.0,6.0,4.0,,6.0,2.0,,,,,6.0,6.0,8.0,,0.3,0.3,0.4,151.57894736842104,10.625,8.0,10.0,7.833333333333333,0.2,0.2,1.0,0.5850350000000001,0.5850350000000001,1.0,25.474999999999998,1.0,,6.0,,6.0,,6.0,,6.0,,,,1.0,1.0,1.0,2.0,,,,0.3,0.3,,0.6,,,0.6,,,,0.7833333333333333,,1.0,1.0,,1.0,4.0,,,,1.0,1.0,,1.0,,0.16666666666666666,0.16666666666666666,,0.5,0.5,0.5,,,,2.0,2.0,,,,1.0,2.0,1.0,2.0,2.0,,2.0,,2.0,,3.0,,1.0,,,3.0,3.0,,3.0,1.0,1.0,1.0,,1.0,,,0.5,0.5,0.5,,,,0.5,,0.42857142857142855,0.5,,,,,,,,,,,0.2,0.5,0.5,1.0,0.2,0.5,0.6649,,1.0,1.0,3.0,1.0,1.0,1.0,1.0,2.0,1.0,0.5,0.25,0.5,0.3333333333333333,1.0,0.5,1.0,0.5,0.5,,,,,,,,,,,,,,,,,,,,,,,,,,,,,,,,,,,,,,,,,,,,,,,,,,,,,,,,,,1610612764,2015,2014-15,False
101110-101162-1889-202322-2446,1610612764,"Martell Webster, Marcin Gortat, Andre Miller, John Wall, Rasual Butler","Webster, Gortat, Miller, Wall, Butler",101110-101162-1889-202322-2446,WAS,4.0,1,,2.0,1.0,,1.0,,1.0,,,,,2.0,,,,2.0,,,,,,2.0,2.0,1.0,,1.0,1.0,,360.0,4.0,,4.0,,,,,0.2982,0.2982,1.0,,1.0,,,,,1.0,1.0,1.0,1.0,2.0,,,,,,,,1.0,1.0,1.0,1.0,,,,,,,,,10.2,,,,,,,,,,,,,,,,,,,,,,,,,,1.0,1.0,,,,,,,,,,,,,,,,,,,,,,,,,,,,,,,,,,,,,,,,,,1.0,1.0,1.0,,,,,,,,,,,,,,,,,,,,,,,,,,,,,,,,,,,,,,,,,,,,,,,,,,,,,,,,,,,,,,,,,,,,,,,,,,,,,,,,,,,,,,,1610612764,2015,2014-15,False
101110-101162-1889-2400-2446,1610612764,"Martell Webster, Marcin Gortat, Andre Miller, Drew Gooden, Rasual Butler","Webster, Gortat, Miller, Gooden, Butler",101110-101162-1889-2400-2446,WAS,94.0,1,2.0,5.0,3.0,3.0,3.0,3.0,6.0,,,,1.0,5.0,,,1.0,5.0,,1.0,,1.0,,5.0,5.0,3.0,,0.5,0.5,,91.91489361702128,20.0,11.333333333333334,12.333333333333334,11.333333333333334,,,0.2,0.44966,0.44966,1.0,,1.0,,1.0,,1.0,2.0,5.0,2.0,5.0,,,,,,,,,0.4,0.4,0.4,0.4,,0.2,,,0.2,,0.2,,16.36,4.0,1.0,1.0,,2.0,4.0,,,1.0,,,,,,0.2,1.0,,1.0,1.0,,,0.8,0.2,1.0,,,,2.0,,,,,,,2.0,,,4.0,,2.0,2.0,,,4.0,2.0,1.0,2.0,,,,,,1.0,1.0,,,,,,,0.6666666666666666,1.0,0.6666666666666666,1.0,0.5,1.0,,,,,,,0.5,0.5,,,,,,,0.37005,,,,,,,,,,,,,,,,,,,,2.0,1.0,1.0,1.0,,,,,,,,,,,,,,,,,,,,,,,,,,,,,,,,,,,,,,,,,,,,,,,,,,,,,,1610612764,2015,2014-15,False
101110-101162-1889-2446-2743,1610612764,"Martell Webster, Marcin Gortat, Andre Miller, Rasual Butler, Kris Humphries","Webster, Gortat, Miller, Butler, Humphries",101110-101162-1889-2446-2743,WAS,135.0,2,2.0,,5.0,6.0,3.0,6.0,11.0,1.0,,1.0,2.0,4.0,4.0,,2.0,4.0,1.0,2.0,,2.0,,4.0,4.0,3.0,,0.5,1.0,0.3333333333333333,117.33333333333333,13.0,11.666666666666666,13.0,11.666666666666666,0.3333333333333333,,1.0,0.6694333333333334,0.7995,1.0,26.5,0.6,1.0,2.0,1.0,1.0,1.0,2.0,1.0,1.0,,1.0,,1.0,1.0,,,,0.5,1.0,0.3333333333333333,1.0,1.0,0.6666666666666666,0.5,0.5,1.0,1.0,0.25,,0.85,,,1.0,,2.0,2.0,,,1.0,,,,,,,,,1.0,1.0,1.0,,,0.3333333333333333,,,,,,,,,,,,,,,2.0,,1.0,1.0,1.0,,2.0,,1.0,,2.0,2.0,,1.0,,1.0,1.0,,,,,,,,1.0,,,,1.0,,1.0,,,,,,,,,,,,,,,,,,,,,,,,,,,,,,,,,,,,,,,,,,,,,,,,,,,,,,,,,,,,,,,,,,,,,,,,,,,,,,,,,,,,,,,,,,1610612764,2015,2014-15,False
101110-101162-201196-202322-2400,1610612764,"Martell Webster, Marcin Gortat, Ramon Sessions, John Wall, Drew Gooden","Webster, Gortat, Sessions, Wall, Gooden",101110-101162-201196-202322-2400,WAS,385.0,2,6.0,7.0,14.0,13.0,,3.0,27.0,1.0,,2.0,4.0,16.0,9.0,,,,1.0,2.0,,4.0,,16.0,,,,0.5714285714285714,,0.16666666666666666,100.98701298701299,11.785714285714286,16.923076923076923,11.785714285714286,15.153846153846153,0.08333333333333333,,0.3333333333333333,0.48890833333333333,,,24.65,,2.0,2.0,,,6.0,10.0,,,6.0,,,,,2.0,2.0,,0.6,,0.5,,,0.16666666666666666,1.0,1.0,,,0.14285714285714285,,13.040000000000001,6.0,,7.0,,7.0,7.0,,,2.0,2.0,2.0,,2.0,,,,,0.5833333333333334,0.5833333333333334,0.5,1.0,0.5,0.16666666666666666,,,1.0,2.0,3.0,,1.0,,,,,,,,6.0,,3.0,3.0,2.0,,6.0,,,,2.0,,,,,0.5,0.5,,,,,,,,,,,,,,1.0,0.16666666666666666,0.5,0.5,,0.5,0.5,0.08333333333333333,,,,,,,,,,,,,,,,,,,,,,,,,,1.0,,0.6,0.3333333333333333,2.0,2.0,1.0,,,,,,,,,,,,,,,,,,,,,,,,,,,,,,,,,,,,,,,,,,,,,,,,,,,1610612764,2015,2014-15,False
101110-101162-201196-202322-2403,1610612764,"Martell Webster, Marcin Gortat, Ramon Sessions, John Wall, Nene","Webster, Gortat, Sessions, Wall, Nene",101110-101162-201196-202322-2403,WAS,100.0,2,2.0,-6.0,3.0,4.0,,,7.0,,,,,,6.0,,,,,,,,,,,,,,,,100.8,17.0,12.25,17.0,12.25,,,,0.4285,,,,,,,,,,1.0,,,,1.0,1.0,2.0,,,,,,,,,0.5,,,,,,,,18.2,1.0,,1.0,,1.0,1.0,,,,,,,,,,,,1.0,1.0,,,1.0,,,,,,,,,,,,,,,,,,,,,,,,,,,,1.0,,,,,,,,,,,,,,,,,,,,,,,,,,,,,,,,,,,,,,,,,,,,,,,,,,,,,1.0,,,,,1.0,,,,,,,,,,,,,,,,,,,,,,,,,,,,,,,,,,,,,,,,,,,,,,,,,,1610612764,2015,2014-15,False
101110-101162-201196-202338-2446,1610612764,"Martell Webster, Marcin Gortat, Ramon Sessions, Kevin Seraphin, Rasual Butler","Webster, Gortat, Sessions, Seraphin, Butler",101110-101162-201196-202338-2446,WAS,108.0,2,2.0,-4.0,3.0,4.0,3.0,3.0,7.0,,,,,,4.0,,,,,,,,,,,3.0,,,,,93.33333333333333,14.0,16.5,14.0,12.0,,,,,,,,1.0,,,,,,,,,,,,3.0,3.0,1.0,4.0,,,,,,,,,,,,,,,,,2.0,,2.0,2.0,,,,,,,,,,,,1.0,0.6666666666666666,,1.0,,,,,,,,,,,,,,,,,,,,,,,,,,,,,3.0,,2.0,,,,,,,,,,,,,,,,,,,,,,,,,,,,,,,,,,,,,,,,,,,,,,,,,,,1.0,,,,,,1.0,,,,,,,,,,,,,,,,,,,,,,,,,,,,,,,,,,,,,,,,,,,,,,,,,1610612764,2015,2014-15,False
101110-101162-201196-203078-2400,1610612764,"Martell Webster, Marcin Gortat, Ramon Sessions, Bradley Beal, Drew Gooden","Webster, Gortat, Sessions, Beal, Gooden",101110-101162-201196-203078-2400,WAS,150.0,2,2.0,-1.0,4.0,5.0,2.0,3.0,9.0,,,,1.0,3.0,4.0,,,,,2.0,1.0,2.0,,3.0,,2.0,,0.375,,,86.4,20.75,13.4,19.25,13.4,,,,0.4248,,,,0.5,,,,,1.0,3.0,,,,1.0,,2.0,2.0,,1.0,,0.3333333333333333,,0.3333333333333333,,0.5,,,,,,0.25,,12.166666666666666,1.0,,1.0,,1.0,2.0,,,1.0,,,,,,,,,1.0,1.0,1.0,,0.3333333333333333,0.25,1.0,,1.0,2.0,,,,,,,,1.0,,,2.0,,1.0,1.0,,1.0,2.0,1.0,,1.0,1.0,,1.0,1.0,,1.0,1.0,,,,,,,0.5,,0.5,,1.0,,,,0.6666666666666666,0.5,0.5,1.0,,,,,,,,,0.4566,,,,,,,,,,,,,,,,,,,,,,,,1.0,,,1.0,,,,,,,,,,,,,,,,,,,,,,,,,,,,,,,,,,,,,,,,,,,,,,,,,,1610612764,2015,2014-15,False
101110-101162-201196-203078-2403,1610612764,"Martell Webster, Marcin Gortat, Ramon Sessions, Bradley Beal, Nene","Webster, Gortat, Sessions, Beal, Nene",101110-101162-201196-203078-2403,WAS,43.0,1,1.0,-1.0,1.0,1.0,,,2.0,,,,,2.0,3.0,,,,,,,,,2.0,,,,1.0,,,66.97674418604652,20.0,23.0,20.0,23.0,,,,0.3975,,,,,,,,,1.0,1.0,,,,,,,,1.0,1.0,,1.0,,1.0,,,,,,,,,,16.0,1.0,,,,,,,,,,,,,,,,,,,,,1.0,,,,,,1.0,,,,,,,,,,2.0,,1.0,1.0,,,2.0,,,,,,,,,1.0,1.0,,,,,,,,,,,,,,,,,,,1.0,1.0,,,,,,,,,,,,,,,,,,,,,,,,,,,1.0,,,1.0,,,,,,,,,,,,,,,,,,,,,,,,,,,,,,,,,,,,,,,,,,,,,,,,,,,,,,1610612764,2015,2014-15,False
101110-101162-201196-2400-2446,1610612764,"Martell Webster, Marcin Gortat, Ramon Sessions, Drew Gooden, Rasual Butler","Webster, Gortat, Sessions, Gooden, Butler",101110-101162-201196-2400-2446,WAS,126.0,2,2.0,3.0,4.0,4.0,1.0,4.0,8.0,,,,2.0,4.0,1.0,,2.0,2.0,,1.0,,2.0,1.0,4.0,2.0,1.0,1.0,0.5,1.0,,91.42857142857143,14.25,17.25,14.25,17.25,,,0.3333333333333333,0.4709666666666667,,0.5,,0.25,1.0,1.0,,,1.0,3.0,,,,,,,,1.0,1.0,,0.3333333333333333,,0.3333333333333333,,,0.3333333333333333,1.0,1.0,,,,,8.033333333333333,1.0,,1.0,,3.0,3.0,,,,1.0,1.0,,1.0,,,,,0.5,0.75,,,0.3333333333333333,,,,,1.0,,,,,,,,,,,2.0,,1.0,1.0,1.0,,2.0,,2.0,,,,,,,1.0,1.0,,,,,,,,1.0,,,,1.0,1.0,1.0,0.3333333333333333,,,,,,,,,,,,,,,,,,,,,,,,,,,,,,,,,,1.0,,,,,,,,,,,,,,,,,,,,,,,,,,,,,,,,,,,,,,,,,,,,,,,,,,,,,,,1610612764,2015,2014-15,False
101110-101162-202066-202322-2403,1610612764,"Martell Webster, Marcin Gortat, Garrett Temple, John Wall, Nene","Webster, Gortat, Temple, Wall, Nene",101110-101162-202066-202322-2403,WAS,80.0,1,1.0,-1.0,3.0,2.0,,2.0,5.0,,,,,2.0,3.0,,,,,,,,,2.0,,,,0.5,,,90.0,14.666666666666666,18.0,14.666666666666666,18.0,,,,0.363,,,,,,,,,1.0,2.0,,,,1.0,1.0,1.0,,,1.0,,0.5,,0.5,,1.0,,,,,,,,16.1,1.0,,,,,,,,,,,,,1.0,,,,,,,,0.5,,,,1.0,1.0,,,,,,,,,,,2.0,,1.0,1.0,,1.0,2.0,,,,1.0,1.0,,,,1.0,1.0,,,,,,,,,,,,,,,0.5,1.0,1.0,1.0,,,,,,,,,,,,,,,,,,,,,,,,,,,,,,,,,,,,,,,,,,,,,,,,,,,,,,,,,,,,,,,,,,,,,,,,,,,,,,,,,,,,,,1610612764,2015,2014-15,False
101110-101162-202066-2446-2743,1610612764,"Martell Webster, Marcin Gortat, Garrett Temple, Rasual Butler, Kris Humphries","Webster, Gortat, Temple, Butler, Humphries",101110-101162-202066-2446-2743,WAS,217.0,1,4.0,-12.0,6.0,7.0,,,13.0,1.0,,1.0,,2.0,14.0,,,,1.0,1.0,,,,2.0,,,,0.2,,0.2,86.26728110599078,20.833333333333332,13.142857142857142,20.833333333333332,13.142857142857142,0.2,,0.4,0.44383999999999996,,,24.8,,,1.0,,,1.0,4.0,,,,1.0,1.0,1.0,,,1.0,,0.25,,0.2,,1.0,0.2,,,,,,,12.2,2.0,1.0,1.0,,1.0,1.0,,,,,,,,,0.25,1.0,,1.0,1.0,,,0.4,,,,,1.0,1.0,,,,,,,,,,2.0,,1.0,1.0,,,2.0,,,,,,,,,1.0,1.0,,,,,,,,,,,,,,,0.2,,,,0.5,0.5,,,,,,,,,,,,,,,,,,,,,,,,,,,1.0,,1.0,1.0,,,,,,,,,,,,,,,,,,,,,,,,,,,,,,,,,,,,,,,,,,,,,,,,,,,,,,1610612764,2015,2014-15,False
101110-101162-202322-202338-2446,1610612764,"Martell Webster, Marcin Gortat, John Wall, Kevin Seraphin, Rasual Butler","Webster, Gortat, Wall, Seraphin, Butler",101110-101162-202322-202338-2446,WAS,165.0,1,3.0,5.0,7.0,7.0,7.0,,14.0,1.0,1.0,2.0,2.0,13.0,8.0,2.0,2.0,13.0,1.0,2.0,1.0,3.0,,13.0,13.0,7.0,,0.9285714285714286,0.9285714285714286,0.3333333333333333,122.18181818181819,9.571428571428571,14.0,9.571428571428571,13.714285714285714,0.16666666666666666,0.16666666666666666,0.6666666666666666,0.6222166666666666,0.6222166666666666,1.0,24.8,1.0,2.0,2.0,2.0,2.0,4.0,4.0,4.0,4.0,4.0,,,,,,,,1.0,1.0,0.9166666666666666,0.9166666666666666,,0.3333333333333333,1.0,1.0,0.3333333333333333,1.0,0.2857142857142857,,2.8,,,3.0,,3.0,3.0,,,2.0,2.0,1.0,,2.0,,,,,0.75,0.6,,,,0.4,,,2.0,2.0,,1.0,1.0,1.0,1.0,1.0,,,,1.0,4.0,,2.0,3.0,1.0,1.0,7.0,,,,1.0,,,,,0.5,0.5,0.5,0.5,0.5,,,,,,,,,,,0.5,0.3333333333333333,1.0,1.0,0.5,,,0.16666666666666666,1.0,1.0,,0.16666666666666666,1.0,,,,,3.0,,,1.0,1.0,,,1.0,,,,1.0,,,,,,1.0,1.0,,1.0,1.0,0.5,,,1.0,,,,,,,,,,,,,,,,,,,,,,,,,,,,,,,,,,,,,,,,,,,,,,,,1610612764,2015,2014-15,False
101110-101162-202322-203078-2400,1610612764,"Martell Webster, Marcin Gortat, John Wall, Bradley Beal, Drew Gooden","Webster, Gortat, Wall, Beal, Gooden",101110-101162-202322-203078-2400,WAS,141.0,1,2.0,-3.0,6.0,5.0,,1.0,11.0,,,,,2.0,5.0,,,,,,,,,2.0,,,,0.14285714285714285,,,112.34042553191489,14.833333333333334,10.4,14.833333333333334,10.4,,,0.42857142857142855,0.4625285714285714,,,,,,3.0,,,1.0,7.0,,,2.0,,,,,,,,0.14285714285714285,,0.14285714285714285,,,0.42857142857142855,,,,,,,10.942857142857141,4.0,,1.0,1.0,2.0,3.0,,,,,,,,,,,1.0,0.5,0.5,,,0.5714285714285714,,1.0,1.0,,,1.0,,,,,,,1.0,,,,,,,,,,1.0,,1.0,1.0,1.0,,,,,,,,,,,,0.16666666666666666,,0.16666666666666666,,0.3333333333333333,,,,,,,,0.25,0.25,,,,1.0,,,0.6039,,,,,,,,,1.0,,,,,0.16666666666666666,,,,,,,,1.0,,,,,,,,,,,,,,,,,,,,,,,,,,,,,,,,,,,,,,,,,,,,,,,,,,,,,,,1610612764,2015,2014-15,False
101110-101162-202322-203078-2403,1610612764,"Martell Webster, Marcin Gortat, John Wall, Bradley Beal, Nene","Webster, Gortat, Wall, Beal, Nene",101110-101162-202322-203078-2403,WAS,309.0,4,5.0,-1.0,12.0,12.0,4.0,3.0,24.0,2.0,,2.0,,12.0,13.0,,,4.0,2.0,,,,,12.0,4.0,4.0,,0.6,0.6666666666666666,0.2,111.84466019417475,13.083333333333334,12.666666666666666,13.083333333333334,12.666666666666666,0.2,,0.7,0.61198,0.6303333333333333,0.3333333333333333,27.05,0.3333333333333333,5.0,5.0,2.0,2.0,6.0,8.0,2.0,3.0,8.0,1.0,,2.0,1.0,3.0,4.0,,0.75,0.6666666666666666,0.6,0.6666666666666666,0.5,0.5,1.0,1.0,0.6666666666666666,1.0,,,4.6625,1.0,,1.0,1.0,5.0,5.0,,,,,,,1.0,,,,1.0,0.3333333333333333,0.6666666666666666,0.5,,0.1,,,,1.0,2.0,,,,,,,,,,,4.0,,2.0,2.0,2.0,,4.0,,3.0,,2.0,,1.0,1.0,1.0,0.3333333333333333,0.3333333333333333,,,,,,,,1.0,,,,1.0,1.0,0.4,0.2,0.5,0.5,,,,,,,,,,,,,,,,,,,,,,,,,,,,,,,,,,2.0,1.0,1.0,,,,1.0,1.0,,,,,,,,,,,,,,,,,,,,,,,,,,,,,,,,,,,,,,,,,,,,,,1610612764,2015,2014-15,False
101110-101162-202322-203078-2446,1610612764,"Martell Webster, Marcin Gortat, John Wall, Bradley Beal, Rasual Butler","Webster, Gortat, Wall, Beal, Butler",101110-101162-202322-203078-2446,WAS,3.0,1,,,,1.0,,1.0,1.0,,,,,,,,,,,,,,,,,,,,,,480.0,,3.0,,3.0,,,,,,,,,,,,,,,,,,,,,,,,,,,,,,,,,,,,,,,,,,,,,,,,,,,,,,,,,,,,,,,,,,,,,,,,,,,,,,,,,,,,,,,,,,,,,,,,,,,,,,,,,,,,,,,,,,,,,,,,,,,,,,,,,,,,,,,,,,,,,,,,,,,,,,,,,,,,,,,,,,,,,,,,,,,,,,,,,,,,,,,,,,,,,,,,,,,1610612764,2015,2014-15,False
101110-101162-202322-203078-2743,1610612764,"Martell Webster, Marcin Gortat, John Wall, Bradley Beal, Kris Humphries","Webster, Gortat, Wall, Beal, Humphries",101110-101162-202322-203078-2743,WAS,34.0,1,1.0,2.0,1.0,1.0,,,2.0,,,,,2.0,,,,,,,,,,2.0,,,,1.0,,,84.70588235294117,12.0,22.0,12.0,22.0,,,,0.371,,,,,,,,,1.0,1.0,,,,,,,,,,,1.0,,1.0,,,,,,,,,,20.4,1.0,,1.0,,1.0,1.0,,,,,,,,,,,,1.0,1.0,,,1.0,,,,,,1.0,,,,,,,,,,2.0,,1.0,1.0,,,2.0,,,,,,,,,1.0,1.0,,,,,,,,,,,,,,,,,,,1.0,1.0,,,,,,,,,,,,,,,,,,,,,,,,,,,1.0,,1.0,1.0,,,,,,,,,,,,,,,,,,,,,,,,,,,,,,,,,,,,,,,,,,,,,,,,,,,,,,1610612764,2015,2014-15,False
101110-101162-202322-203490-2400,1610612764,"Martell Webster, Marcin Gortat, John Wall, Otto Porter Jr., Drew Gooden","Webster, Gortat, Wall, Porter Jr., Gooden",101110-101162-202322-203490-2400,WAS,67.0,1,1.0,-2.0,2.0,3.0,2.0,,5.0,,,,,,2.0,,,,,,,,,,,2.0,,,,,107.46268656716417,20.0,9.0,20.0,9.0,,,,0.3163,0.3163,,,1.0,,,,,,1.0,,1.0,,1.0,,1.0,1.0,,,,,,,,1.0,,,,,,,,14.4,1.0,,1.0,,1.0,1.0,,,,,,,,,,,,1.0,1.0,,1.0,1.0,,,,,,,,,,,,,,,,,,,,,,,,,,,,,1.0,,,,,,,,,,,,,,,,,,,,,,,,,,,,,,,,,,,,,,,,,,,,,,,,,,,,,,,,,,,,,,,,,,,,,,,,,,,,,,,,,,,,,,,,,,,,,,,,,,,,,,,,,,,1610612764,2015,2014-15,False
101110-101162-202322-203490-2743,1610612764,"Martell Webster, Marcin Gortat, John Wall, Otto Porter Jr., Kris Humphries","Webster, Gortat, Wall, Porter Jr., Humphries",101110-101162-202322-203490-2743,WAS,58.0,1,1.0,1.0,2.0,2.0,2.0,2.0,4.0,,,,,2.0,1.0,,,2.0,,,,,,2.0,2.0,2.0,,0.5,0.5,,99.3103448275862,17.5,11.5,17.5,11.5,,,0.5,0.59975,0.59975,1.0,,1.0,,1.0,,1.0,1.0,2.0,1.0,2.0,2.0,,,,,,1.0,,0.5,0.5,0.5,0.5,,0.5,,,0.5,,,,8.15,1.0,1.0,1.0,,1.0,1.0,,,,1.0,1.0,,1.0,,0.5,1.0,,1.0,1.0,1.0,,0.5,,,,,,1.0,,,,,,,,,,,,,,,,,,,,,,,,,,,,,,,,,,,,,,,,,,,,,1.0,1.0,,,,,,,,,,,,,,,,,,,,,,,,,,,,,,,,1.0,1.0,,,,,,1.0,,,,,,,,,,,,,,,,,,,,,,,,,,,,,,,,,,,,,,,,,,,,,1610612764,2015,2014-15,False
101110-101162-202322-2400-2446,1610612764,"Martell Webster, Marcin Gortat, John Wall, Drew Gooden, Rasual Butler","Webster, Gortat, Wall, Gooden, Butler",101110-101162-202322-2400-2446,WAS,313.0,3,5.0,1.0,11.0,12.0,9.0,7.0,23.0,2.0,1.0,5.0,,12.0,11.0,4.0,,12.0,2.0,1.0,,2.0,,9.0,12.0,9.0,,0.5,0.6,0.45454545454545453,105.814696485623,13.0,14.166666666666666,12.272727272727273,14.166666666666666,0.18181818181818182,0.1,0.6363636363636364,0.5163409090909091,0.52044,1.0,24.98,0.8181818181818182,2.0,2.0,2.0,2.0,3.0,6.0,3.0,6.0,2.0,2.0,1.0,2.0,2.0,3.0,4.0,,0.5,0.5,0.5454545454545454,0.6,1.0,0.18181818181818182,1.0,1.0,0.2,1.0,0.08333333333333333,,8.15,1.0,,4.0,,5.0,8.0,,,1.0,,,,,,,,,1.0,1.0,1.0,1.0,0.09090909090909091,0.14285714285714285,3.0,,1.0,3.0,,1.0,3.0,1.0,3.0,2.0,,1.0,3.0,2.0,4.0,,2.0,4.0,1.0,1.0,10.0,2.0,1.0,3.0,2.0,2.0,,1.0,,0.6666666666666666,0.6666666666666666,0.4,0.5,0.4,,0.75,0.75,0.6666666666666666,1.0,0.5,,1.0,1.0,,0.5,0.2727272727272727,0.3333333333333333,0.3333333333333333,1.0,,,0.2727272727272727,0.3333333333333333,0.3333333333333333,,0.3,0.3333333333333333,0.402175,0.25,1.0,1.0,6.0,1.0,,2.0,1.0,1.0,1.0,1.0,,,0.16666666666666666,1.0,0.5,0.5,1.0,0.5,,,1.0,,,,,,,,,,,1.0,1.0,1.0,1.0,1.0,1.0,1.0,0.3333333333333333,0.5,0.5,1.0,0.5,1.0,1.0,,,,,,,,,,,,,,,,,,,,,,,,,,,,,,,1610612764,2015,2014-15,False
101110-101162-202322-2403-2446,1610612764,"Martell Webster, Marcin Gortat, John Wall, Nene, Rasual Butler","Webster, Gortat, Wall, Nene, Butler",101110-101162-202322-2403-2446,WAS,115.0,3,2.0,-9.0,3.0,5.0,2.0,3.0,8.0,,,,,,9.0,,,,,,,,,,,2.0,,,,,100.17391304347825,23.333333333333332,9.0,23.333333333333332,9.0,,,,,,,,0.6666666666666666,,,,,,,,,,3.0,3.0,3.0,2.0,1.0,1.0,,,,,,1.0,,,,,,,,,,,,1.0,1.0,1.0,,,,,,,,,,,1.0,,,,,,,,,,,,,,,,,,,,,,,,,,,,,,,,,,,,,,,,,,,,,,,,,,,,,,,,,,,,,,,,,,,,,,,,,,,,,,,,,,,,,,,,,,,,,,,,,,,,,,,,,,,,,,,,,,,,,,,,,,,,,,,,,,,,,,,,,,,,,1610612764,2015,2014-15,False
101110-101162-202322-2446-2743,1610612764,"Martell Webster, Marcin Gortat, John Wall, Rasual Butler, Kris Humphries","Webster, Gortat, Wall, Butler, Humphries",101110-101162-202322-2446-2743,WAS,1012.0,6,17.0,7.0,36.0,36.0,21.0,12.0,72.0,8.0,5.0,12.0,10.0,44.0,37.0,7.0,5.0,25.0,8.0,8.0,1.0,12.0,,42.0,25.0,21.0,,0.6111111111111112,0.5952380952380952,0.4,102.45059288537549,14.277777777777779,13.833333333333334,14.166666666666666,13.666666666666666,0.26666666666666666,0.2777777777777778,0.5,0.47128333333333333,0.4612583333333333,0.5681818181818182,24.816666666666666,0.5833333333333334,2.0,3.0,2.0,2.0,11.0,18.0,7.0,11.0,14.0,,,2.0,2.0,3.0,7.0,,0.6111111111111112,0.6363636363636364,0.5666666666666667,0.5555555555555556,,0.1,0.6666666666666666,0.6666666666666666,0.1111111111111111,1.0,0.16666666666666666,,11.555555555555555,7.0,,11.0,1.0,17.0,19.0,,,6.0,,,,,1.0,,,1.0,0.7857142857142857,0.8,0.8,0.3333333333333333,0.23333333333333334,0.25,2.0,,4.0,8.0,5.0,,4.0,,2.0,4.0,,,2.0,2.0,8.0,6.0,4.0,6.0,1.0,1.0,14.0,1.0,5.0,2.0,1.0,,2.0,,1.0,0.36363636363636365,0.36363636363636365,0.3333333333333333,0.2857142857142857,0.3333333333333333,,,1.0,0.14285714285714285,0.8333333333333334,0.13333333333333333,,,0.8,1.0,0.5,0.26666666666666666,0.5,0.5,0.25,0.7142857142857143,0.7142857142857143,0.13333333333333333,,,,0.1111111111111111,,,0.045454545454545456,4.0,2.0,6.0,4.0,,2.0,,,1.0,0.5,,,,,0.5,0.5,0.4,0.5,2.0,,1.0,0.4,1.0,,,1.0,,,,,,,,,,2.0,1.0,,0.125,0.25,,0.5,,,,2.0,0.25,,,,,,,,,,,,,,,,,,,,,,,,,,,,,1610612764,2015,2014-15,False
101110-101198-201196-201971-202338,1610612764,"Martell Webster, Will Bynum, Ramon Sessions, DeJuan Blair, Kevin Seraphin","Webster, Bynum, Sessions, Blair, Seraphin",101110-101198-201196-201971-202338,WAS,312.0,1,5.0,-13.0,9.0,9.0,,,18.0,2.0,,2.0,1.0,4.0,17.0,,,,2.0,1.0,,2.0,,4.0,,,,0.2857142857142857,,0.3333333333333333,83.07692307692308,17.77777777777778,16.88888888888889,17.77777777777778,14.444444444444445,0.3333333333333333,,0.3333333333333333,0.43320833333333336,,,25.45,,,,,,,4.0,,,,1.0,1.0,2.0,,1.0,1.0,,,,0.25,,0.5,,,,,,0.14285714285714285,,13.725,1.0,1.0,1.0,,2.0,2.0,,,1.0,,,,,,0.25,,,0.5,0.6666666666666666,,1.0,0.16666666666666666,0.2,,,,3.0,,,,,,1.0,,,,,,,,1.0,,,3.0,,1.0,,,,1.0,,,,,0.5,,0.5,,,,,1.0,,,,,1.0,,0.5,,,,,,,,,,,,,,1.0,,3.0,1.0,,1.0,,,,1.0,,,,,0.5,0.5,,0.5,,,,,,,,1.0,,,,,,,,,,1.0,,,,,,1.0,,,,,,0.3333333333333333,,,,,,,,,,,,,,,,,,,,,,,,,,,,1610612764,2015,2014-15,False
101110-101198-201196-201971-2446,1610612764,"Martell Webster, Will Bynum, Ramon Sessions, DeJuan Blair, Rasual Butler","Webster, Bynum, Sessions, Blair, Butler",101110-101198-201196-201971-2446,WAS,9.0,2,,-2.0,2.0,1.0,2.0,1.0,3.0,,,,,,2.0,,,,,,,,,,,2.0,,,,,480.0,3.0,3.0,3.0,3.0,,,,,,,,1.0,,,,,,,,,,1.0,1.0,1.0,1.0,,,,,,,,1.0,,,,,,,,,,,,,,,,,,,,,,,,,,,,,,,,,,,,,,,,,,,,,,,,,,,,,,,,,,,,,,,,,,,,,,,,,,,,,,,,,,,,,,,,,,,,,,,,,,,,,,,,,,,,,,,,,,,,,,,,,,,,,,,,,,,,,,,,,,,,,,,,,,,,,,,,,,,,,,,,,,,,,,1610612764,2015,2014-15,False
101110-101198-201971-202338-2446,1610612764,"Martell Webster, Will Bynum, DeJuan Blair, Kevin Seraphin, Rasual Butler","Webster, Bynum, Blair, Seraphin, Butler",101110-101198-201971-202338-2446,WAS,629.0,3,10.0,4.0,21.0,20.0,3.0,2.0,41.0,3.0,1.0,4.0,2.0,29.0,25.0,2.0,,2.0,3.0,5.0,,4.0,,29.0,2.0,3.0,,0.6304347826086957,0.25,0.18181818181818182,93.86327503974563,14.142857142857142,16.6,12.142857142857142,16.0,0.13636363636363635,0.25,0.36363636363636365,0.4675318181818182,0.45785,0.06896551724137931,24.700000000000003,0.14285714285714285,2.0,4.0,,,12.0,18.0,1.0,2.0,10.0,1.0,1.0,3.0,1.0,3.0,4.0,1.0,0.6666666666666666,0.5,0.6136363636363636,0.25,0.3333333333333333,0.18181818181818182,0.5,0.6666666666666666,,,0.08695652173913043,0.2,9.472222222222223,5.0,2.0,6.0,,7.0,12.0,,,1.0,1.0,,1.0,1.0,1.0,0.1111111111111111,0.25,,0.75,0.7777777777777778,1.0,0.6666666666666666,0.22727272727272727,0.05555555555555555,3.0,1.0,6.0,9.0,4.0,,1.0,,1.0,1.0,,3.0,,,14.0,,7.0,8.0,1.0,4.0,17.0,3.0,1.0,5.0,1.0,,2.0,,,0.5833333333333334,0.5833333333333334,0.25,,0.25,,,,0.5,1.0,0.5555555555555556,0.5,1.0,1.0,,0.5,0.4090909090909091,0.6666666666666666,0.75,0.6666666666666666,0.8,0.8,0.045454545454545456,,,0.2,0.25,,0.52065,,1.0,,3.0,1.0,,1.0,,,,1.0,,,,,0.3333333333333333,0.3333333333333333,,0.3333333333333333,2.0,1.0,0.6666666666666666,0.5,1.0,,,,1.0,,,,,,2.0,,2.0,1.0,2.0,,0.6666666666666666,0.3333333333333333,1.0,1.0,0.4,,,,0.5,0.1111111111111111,1.0,,,,,,,,,,,,,,,,,,,,,,,,,,,1610612764,2015,2014-15,False
101110-101198-202338-203490-2743,1610612764,"Martell Webster, Will Bynum, Kevin Seraphin, Otto Porter Jr., Kris Humphries","Webster, Bynum, Seraphin, Porter Jr., Humphries",101110-101198-202338-203490-2743,WAS,54.0,1,1.0,-2.0,2.0,1.0,,,3.0,1.0,,1.0,,,2.0,,,,1.0,,,,,,,,,,,0.3333333333333333,80.0,21.5,11.0,21.5,11.0,0.3333333333333333,,0.6666666666666666,0.38961666666666667,,,24.4,,,1.0,,,,2.0,,,,,,,,,,,,,,,,0.3333333333333333,,,,,,,6.5,,,,,,1.0,,,,,,,,,,,,,,,,,,1.0,1.0,,1.0,,,,,,,,1.0,,,,,,,,,,1.0,,1.0,,,,,,,,,,,,,,1.0,,0.5,,,,,,0.3333333333333333,,,,,,,,,1.0,,,0.2949,,,,,,,,,,,,,,,,,,,,,,,,,,,,,,,,,,,,,,,,,1.0,,,,,,,,,,,,,,,,,,,,,,,,,,,,,,,,,,,,1610612764,2015,2014-15,False
101110-101198-202338-2446-2743,1610612764,"Martell Webster, Will Bynum, Kevin Seraphin, Rasual Butler, Kris Humphries","Webster, Bynum, Seraphin, Butler, Humphries",101110-101198-202338-2446-2743,WAS,251.0,1,4.0,,8.0,7.0,4.0,,15.0,4.0,4.0,4.0,2.0,9.0,9.0,4.0,,5.0,4.0,1.0,,2.0,,7.0,5.0,4.0,,0.5,0.5,0.5,86.05577689243027,19.5,13.571428571428571,17.25,13.428571428571429,0.5,0.8,0.5,0.4233625,0.43382,0.5555555555555556,25.4,0.5,,,,,2.0,4.0,1.0,1.0,4.0,,,,,,,,0.5,1.0,0.4375,0.5,,,,,,,0.1111111111111111,,13.2,3.0,,1.0,1.0,2.0,3.0,,,1.0,1.0,1.0,,1.0,,,,1.0,0.5,0.5,,1.0,0.375,0.2,1.0,,1.0,1.0,1.0,,,,,1.0,1.0,1.0,2.0,1.0,,,,1.0,,,3.0,,,1.0,1.0,,,,,,,0.25,0.25,0.25,1.0,1.0,1.0,,,0.25,,,,,,0.125,1.0,1.0,,0.3333333333333333,0.3333333333333333,,,,,,,,0.2222222222222222,1.0,1.0,3.0,1.0,,1.0,,,,1.0,,,,,0.25,0.25,0.25,0.25,,,,,1.0,,,,,,,,,,,,,1.0,1.0,,0.5,,,1.0,,,,,0.5,,,,,,,,,,,,,,,,,,,,,,,,,,,,,1610612764,2015,2014-15,False
101110-1718-202322-202338-2403,1610612764,"Martell Webster, Paul Pierce, John Wall, Kevin Seraphin, Nene","Webster, Pierce, Wall, Seraphin, Nene",101110-1718-202322-202338-2403,WAS,114.0,1,2.0,-7.0,4.0,4.0,4.0,,8.0,,,,,2.0,9.0,,,2.0,,,,,,2.0,2.0,4.0,,0.5,0.5,,101.05263157894737,16.5,12.0,16.5,12.0,,,1.0,0.6344,0.6344,1.0,,1.0,1.0,2.0,1.0,2.0,1.0,2.0,1.0,2.0,,2.0,2.0,2.0,2.0,,1.0,,0.5,0.5,0.5,0.5,1.0,1.0,0.5,0.5,1.0,0.5,,,1.35,,,,,,,,,,,,,,,,,,,,,,,,,,,,,,,,,,,,,,2.0,,1.0,1.0,1.0,,2.0,,,,,,,,,1.0,1.0,,,,,,,,,,,,,,1.0,,,,,,,,,,,,,,,,,,,,,,,,,,,,,,,,,,,,,,,,,,,,,,,,,,,,,,,,,,,,,,,,,,,,,,,,,,,,,,,,,,,,,,,,,,1610612764,2015,2014-15,False
101110-1718-202322-203078-2403,1610612764,"Martell Webster, Paul Pierce, John Wall, Bradley Beal, Nene","Webster, Pierce, Wall, Beal, Nene",101110-1718-202322-203078-2403,WAS,13.0,1,,,1.0,,1.0,,1.0,,,,,,,,,,,,,,,,,1.0,,,,,110.76923076923076,13.0,,13.0,,,,,0.4236,0.4236,,,1.0,,,,,,1.0,,1.0,,,,,,,,,,,,,,,,,,,,,12.3,,,,,,,,,,,,,,,,,,,,,,,,,,,1.0,,,,,,,,,,,,,,,,,,,,,,,,,,,,,,,,,,,,,,,,,,1.0,,,,,,,,,,,,,,,,,,,,,,,,,,,,,,,,,,,,,,,,,,,,,,,,,,,,,,,,,,,,,,,,,,,,,,,,,,,,,,,,,,,,,,,,,1610612764,2015,2014-15,False
101110-1718-202322-203490-2403,1610612764,"Martell Webster, Paul Pierce, John Wall, Otto Porter Jr., Nene","Webster, Pierce, Wall, Porter Jr., Nene",101110-1718-202322-203490-2403,WAS,95.0,1,2.0,-6.0,3.0,4.0,,4.0,7.0,1.0,,1.0,,,6.0,,,,1.0,1.0,,,,,,,,,,1.0,106.10526315789474,13.666666666666666,13.5,13.666666666666666,13.5,1.0,,1.0,0.5172,,,26.2,,,,,,,,,,,1.0,,2.0,,1.0,1.0,,,,,,0.5,,,,,,,,,,,,,,,,,,,,,,,,,,,,,,,,,,,,,,,,,,,,,,,,,,,,,,,,,,1.0,1.0,,,,,,,,,,,,,,,,,,,,,,,,,,,,,,,,,,,,,,,,,,,,,,,,,,,,,,,,,1.0,,,,,,,,,,,,,,,,,,,,,,,,,,,,,,,,,,,,,,,,,,,,,,,,,,1610612764,2015,2014-15,False
101110-1718-202322-2403-2446,1610612764,"Martell Webster, Paul Pierce, John Wall, Nene, Rasual Butler","Webster, Pierce, Wall, Nene, Butler",101110-1718-202322-2403-2446,WAS,6.0,1,,3.0,2.0,,2.0,,2.0,,,,1.0,3.0,,,1.0,3.0,,1.0,,2.0,1.0,3.0,3.0,2.0,1.0,0.75,0.75,,480.0,3.0,,3.0,,,,1.0,0.5064,0.5064,1.0,,1.0,1.0,1.0,1.0,1.0,1.0,1.0,1.0,1.0,2.0,,,,,,,,1.0,1.0,1.0,1.0,,1.0,1.0,1.0,1.0,1.0,,,2.4,,,,,,,,,,,,,,,,,,,,,,,,,,,,,,,,,,,,,,,,,,,,,,,,,,,,,,,,,,,,,,,,,,,,,,,,,,,,,,,,,,,,,,,,,,,,,,,,,,,,,,,,,,,,,,,,,,,,,,,,,,,,,,,,,,,,1.0,,,,,,,,,,,,,,,,,,,,,,,,,,1610612764,2015,2014-15,False
101110-1889-202066-202338-2743,1610612764,"Martell Webster, Andre Miller, Garrett Temple, Kevin Seraphin, Kris Humphries","Webster, Miller, Temple, Seraphin, Humphries",101110-1889-202066-202338-2743,WAS,22.0,1,,,,1.0,,1.0,1.0,1.0,1.0,1.0,,,,1.0,,,,,,,,,,,,,,1.0,65.45454545454545,,21.0,,21.0,1.0,1.0,1.0,,,,65.7,,,,,,,,,,,,,,,,,,,,,,,,,,,,,,,,,,,1.0,1.0,,,,,,,,,,,,,1.0,,,,,,,,,,,,,,,,,,,,,,,,,,,1.0,,,,,,,,,,,,,,,,1.0,,,,1.0,,,,,,,,,,,,,,,,,,,,,,,,,,,,,,,,,,,,,,,,,,,,,,,,,,,,,,,,,,,,,,,,,,,1.0,,,,,,,,,,,,,,,,,,,,,,,,,1610612764,2015,2014-15,False
101110-1889-202338-203078-2403,1610612764,"Martell Webster, Andre Miller, Kevin Seraphin, Bradley Beal, Nene","Webster, Miller, Seraphin, Beal, Nene",101110-1889-202338-203078-2403,WAS,39.0,1,1.0,,1.0,1.0,1.0,,2.0,,,,1.0,1.0,1.0,,1.0,1.0,,2.0,,2.0,1.0,1.0,1.0,1.0,1.0,0.25,0.25,,73.84615384615384,28.0,11.0,28.0,11.0,,,,0.3545,0.3545,1.0,,1.0,,,,,,1.0,,1.0,,,,,,1.0,1.0,,,,,,,,,,,,,,6.8,,,,,,,,,,,,,,,,,,,,,,,,,,,1.0,,,,,,,,,,,,,,,,,,,,,,,,,,,,,,,,,,,,,,,,,,1.0,,,,,,,,,,,,,,,,,,,,,,,,,,,,,,,,,,,,,,,,,,,,,,,,,,,,,,,,,,,,,,,,,,,,,,,,,,,,,,,,,,,,,,,,,1610612764,2015,2014-15,False
101110-1889-202338-203078-2743,1610612764,"Martell Webster, Andre Miller, Kevin Seraphin, Bradley Beal, Kris Humphries","Webster, Miller, Seraphin, Beal, Humphries",101110-1889-202338-203078-2743,WAS,575.0,3,10.0,-14.0,18.0,18.0,,,36.0,,,,4.0,16.0,30.0,,,,,3.0,1.0,5.0,,14.0,,,,0.5,,,90.15652173913043,18.055555555555557,13.88888888888889,17.055555555555557,13.833333333333334,,,0.14285714285714285,0.4122857142857143,,,,,1.0,2.0,,,6.0,14.0,,,,1.0,,4.0,,,,,0.42857142857142855,,0.42857142857142855,,0.25,0.14285714285714285,0.5,1.0,,,0.1875,,13.357142857142858,8.0,1.0,2.0,,4.0,6.0,,,3.0,1.0,1.0,,1.0,,0.07142857142857142,0.5,,0.6666666666666666,0.8,,1.0,0.5714285714285714,0.1875,2.0,,,4.0,5.0,,,,,,,1.0,2.0,,12.0,,6.0,6.0,1.0,,12.0,2.0,2.0,2.0,2.0,1.0,3.0,1.0,,1.0,1.0,,,,,,0.5,0.25,1.0,0.25,1.0,,1.0,1.0,1.0,0.2857142857142857,,,,0.625,0.625,,,,,,,0.3631,0.125,,,,,,,,,,,,,,,,,,,5.0,1.0,,1.0,1.0,,,1.0,,,,,,,,,,,,,,0.25,,,,,,2.0,,,,,,2.0,,,,,,,,,,,,,,,,,,,,,,,,1610612764,2015,2014-15,False
101110-1889-202338-2400-2446,1610612764,"Martell Webster, Andre Miller, Kevin Seraphin, Drew Gooden, Rasual Butler","Webster, Miller, Seraphin, Gooden, Butler",101110-1889-202338-2400-2446,WAS,108.0,1,2.0,1.0,3.0,4.0,,,7.0,,,1.0,1.0,3.0,2.0,,,,,1.0,,2.0,,2.0,,,,0.5,,0.5,93.33333333333333,19.666666666666668,12.25,19.0,12.25,,,1.0,0.65675,,,23.9,,1.0,1.0,,,1.0,1.0,,,,1.0,1.0,1.0,,,,,1.0,,0.5,,1.0,0.5,1.0,1.0,,,0.3333333333333333,,0.1,,,2.0,,2.0,3.0,,,1.0,,,,,,,,,1.0,1.0,1.0,,,0.5,1.0,,,,,,1.0,,,,,,1.0,,2.0,,1.0,1.0,1.0,,2.0,,,1.0,1.0,,,,,1.0,1.0,,,,,,0.5,,,1.0,,,,,1.0,,,,,,,0.5,,,,,,,0.3333333333333333,,,,,,,,,,,,,,,,,,,,,1.0,,1.0,,,,,,,,,,,,,,1.0,,1.0,,1.0,,,,,1.0,,,,,,,,,,,,,,,,,,,,,,,,,,,,,,1610612764,2015,2014-15,False
101110-1889-202338-2403-2446,1610612764,"Martell Webster, Andre Miller, Kevin Seraphin, Nene, Rasual Butler","Webster, Miller, Seraphin, Nene, Butler",101110-1889-202338-2403-2446,WAS,199.0,1,3.0,3.0,8.0,7.0,,,15.0,2.0,,2.0,,11.0,8.0,,,,2.0,1.0,,,,11.0,,,,0.6875,,0.25,108.54271356783919,14.125,12.285714285714286,14.125,12.285714285714286,0.25,,0.5,0.4586875,,,26.15,,2.0,2.0,,,4.0,6.0,,,,,,,,1.0,2.0,,0.6666666666666666,,0.6875,,,0.25,1.0,1.0,,,,,12.333333333333334,3.0,,3.0,,3.0,3.0,,1.0,,1.0,1.0,,1.0,,,,,1.0,0.75,1.0,1.0,0.375,,,,1.0,1.0,1.0,,,,,1.0,,,,,8.0,,4.0,5.0,2.0,1.0,11.0,,,,,,,,,1.0,1.0,0.5,,0.5,,,,,,,,,,,1.0,0.125,1.0,1.0,1.0,0.3333333333333333,0.3333333333333333,,,,,,,,,1.0,,3.0,1.0,,1.0,,,,1.0,,,,,0.5,0.5,,0.5,1.0,,,1.0,,1.0,1.0,,,,,,,,,,,1.0,,,,,,1.0,,,,,,,,,,,,,,,,,,,,,,,,,,,,,,,,,,1610612764,2015,2014-15,False
101110-1889-202338-2446-2743,1610612764,"Martell Webster, Andre Miller, Kevin Seraphin, Rasual Butler, Kris Humphries","Webster, Miller, Seraphin, Butler, Humphries",101110-1889-202338-2446-2743,WAS,2346.0,9,39.0,-29.0,69.0,75.0,6.0,7.0,144.0,2.0,,3.0,11.0,49.0,78.0,,2.0,6.0,2.0,17.0,,12.0,1.0,41.0,6.0,6.0,,0.39344262295081966,0.3333333333333333,0.05357142857142857,88.38874680306905,18.855072463768117,13.933333333333334,17.434782608695652,13.6,0.03571428571428571,,0.32142857142857145,0.445925,0.487,0.12244897959183673,24.400000000000002,0.08695652173913043,7.0,15.0,,3.0,19.0,53.0,2.0,8.0,14.0,15.0,9.0,20.0,,6.0,13.0,1.0,0.3584905660377358,0.25,0.3392857142857143,0.25,0.75,0.26785714285714285,0.4666666666666667,0.5,0.375,,0.06666666666666667,0.25,11.703773584905662,26.0,2.0,19.0,1.0,31.0,43.0,1.0,3.0,3.0,3.0,1.0,2.0,3.0,,0.03773584905660377,0.06666666666666667,1.0,0.7037037037037037,0.7894736842105263,0.42857142857142855,0.7777777777777778,0.4642857142857143,0.05357142857142857,8.0,4.0,5.0,12.0,7.0,,1.0,,,,4.0,7.0,8.0,,24.0,,12.0,12.0,4.0,3.0,24.0,10.0,11.0,12.0,4.0,1.0,5.0,6.0,2.0,0.631578947368421,0.6666666666666666,,,,0.5714285714285714,0.5714285714285714,0.5714285714285714,0.30303030303030304,1.0,0.3333333333333333,0.75,0.2222222222222222,1.0,1.0,0.5714285714285714,0.21428571428571427,0.4166666666666667,0.45454545454545453,0.6,0.2692307692307692,0.2692307692307692,0.017857142857142856,,,0.5714285714285714,,,0.54226,0.16326530612244897,,,,,,,,3.0,3.0,,,,0.08823529411764706,,,,,,5.0,,0.8181818181818182,0.7142857142857143,3.0,2.0,0.6666666666666666,,1.0,,,,,,,,,,2.0,,0.6666666666666666,,1.0,,,,,,0.5,0.08333333333333333,2.0,1.0,,1.0,2.0,2.0,1.0,1.0,1.0,0.5,,,,,,,,,,,,,,,,,,1610612764,2015,2014-15,False
101110-1889-203078-2403-2446,1610612764,"Martell Webster, Andre Miller, Bradley Beal, Nene, Rasual Butler","Webster, Miller, Beal, Nene, Butler",101110-1889-203078-2403-2446,WAS,66.0,1,1.0,-5.0,1.0,2.0,,,3.0,,,,,,5.0,,,,,,,,,,,,,,,,65.45454545454545,41.0,12.5,41.0,12.5,,,0.5,0.52395,,,,,,1.0,,,,2.0,,,,,,,,,,,,,,,,0.5,,,,,,,11.3,1.0,1.0,,,,1.0,,,,,,,,,0.5,1.0,,,,,,0.5,,,,,,,,,,,,,,,,,,,,,,,1.0,,1.0,,,,,,,,,,,,,,0.5,,0.5,,1.0,,,,,,,,,,,,,,,,,,,,,,,,,,,,,,,,,,,,,,,,,,,,,,,,,,,,,,,,,,,,,,,,,,,,,,,,,,,,,,,,,,,,,,,,,,,,,1610612764,2015,2014-15,False
101110-1889-2403-2446-2743,1610612764,"Martell Webster, Andre Miller, Nene, Rasual Butler, Kris Humphries","Webster, Miller, Nene, Butler, Humphries",101110-1889-2403-2446-2743,WAS,32.0,1,1.0,2.0,2.0,1.0,,,3.0,,,,2.0,2.0,,,,,,1.0,,2.0,,2.0,,,,1.0,,,135.0,13.0,6.0,13.0,6.0,,,,,,,,,,,,,,,,,,1.0,,1.0,,,,,,,,,1.0,,,,,,1.0,,,,,1.0,,1.0,1.0,,,1.0,,,,,,,,,1.0,1.0,1.0,,,1.0,,,,,,,,,,,,,,,,,,,,,,,,,,,,1.0,,,,,,,,,,,,,,,,,,,,,,,,,,,,,,,,,,,,,,,,,,,,,,,,,,,,,,,,,,,,,,,,,,,,,,,,,,,,,,,,,,,,,,,,,,,,,,,,,,,,,,,,,,,1610612764,2015,2014-15,False
101110-201196-201971-202338-2446,1610612764,"Martell Webster, Ramon Sessions, DeJuan Blair, Kevin Seraphin, Rasual Butler","Webster, Sessions, Blair, Seraphin, Butler",101110-201196-201971-202338-2446,WAS,498.0,3,8.0,6.0,18.0,20.0,,3.0,38.0,1.0,,2.0,5.0,18.0,12.0,,,,1.0,2.0,,5.0,,18.0,,,,0.6428571428571429,,0.16666666666666666,109.87951807228914,10.722222222222221,15.25,10.444444444444445,14.9,0.08333333333333333,,0.5,0.5084333333333334,,,24.45,,2.0,4.0,,,5.0,10.0,,,4.0,3.0,3.0,6.0,,1.0,4.0,1.0,0.5,,0.5416666666666666,,0.5,0.3333333333333333,0.5,0.5,,,0.14285714285714285,0.3333333333333333,6.88,2.0,,6.0,,8.0,10.0,,1.0,1.0,1.0,,1.0,1.0,,,,,0.8571428571428571,0.8888888888888888,,0.8571428571428571,0.16666666666666666,0.09090909090909091,2.0,1.0,2.0,4.0,1.0,,1.0,,,1.0,,2.0,,,6.0,3.0,3.0,3.0,1.0,1.0,6.0,2.0,2.0,2.0,3.0,,3.0,,2.0,0.6,0.6,0.5,,0.5,,,,0.4,1.0,0.3333333333333333,0.5,1.0,1.0,,0.5,0.3333333333333333,0.5,0.5,0.5,0.5,0.5,0.08333333333333333,,,0.5,,,0.52545,,1.0,,,1.0,,,,1.0,,,,,0.16666666666666666,,1.0,1.0,,1.0,1.0,,,1.0,3.0,1.0,1.0,,1.0,,,,,,,,,,,,,,,,,,,,,,,,,,,,,,,,,,,,,,,,,,,,,,,,,1610612764,2015,2014-15,False
101110-201196-202322-202338-2400,1610612764,"Martell Webster, Ramon Sessions, John Wall, Kevin Seraphin, Drew Gooden","Webster, Sessions, Wall, Seraphin, Gooden",101110-201196-202322-202338-2400,WAS,170.0,1,3.0,-1.0,4.0,4.0,,,8.0,1.0,,1.0,,2.0,3.0,,,,1.0,,,,,2.0,,,,0.25,,0.25,67.76470588235294,19.75,22.75,19.75,22.75,0.25,,0.5,0.460675,,,24.8,,,1.0,,,1.0,3.0,,,2.0,1.0,1.0,1.0,,,,,0.3333333333333333,,0.25,,1.0,0.25,,,,,,,7.466666666666666,1.0,,2.0,,3.0,4.0,,,,,,,,,,,,1.0,1.0,,1.0,0.25,,1.0,1.0,1.0,1.0,,,,,,,,1.0,,,,,,,,,,1.0,1.0,1.0,,,,,,,,,,,,,,0.5,1.0,0.3333333333333333,,1.0,,1.0,,0.25,1.0,1.0,,,,,,,1.0,,,0.5034,,,,,,,,,,,,,,,,,,,,,,1.0,,,,,,,,,,,,,,,,,,,,,,,,,,,,,,,,,,,,,,,,,,,,,,,,,,,,,,,1610612764,2015,2014-15,False
101110-201196-202322-202338-2403,1610612764,"Martell Webster, Ramon Sessions, John Wall, Kevin Seraphin, Nene","Webster, Sessions, Wall, Seraphin, Nene",101110-201196-202322-202338-2403,WAS,73.0,1,1.0,4.0,2.0,2.0,2.0,,4.0,,,1.0,2.0,4.0,,1.0,1.0,3.0,,2.0,,3.0,,1.0,3.0,2.0,,0.6666666666666666,0.75,0.5,78.9041095890411,9.0,27.5,9.0,27.5,,,1.0,0.533125,0.533125,0.75,24.4,1.0,1.0,1.0,1.0,1.0,1.0,1.0,1.0,1.0,2.0,,,,,,1.0,,1.0,1.0,0.5,0.5,,0.5,1.0,1.0,0.5,1.0,0.6666666666666666,,2.0,,,2.0,,2.0,3.0,,,2.0,,,,,,,,,1.0,1.0,,1.0,,1.0,1.0,1.0,,,,,1.0,,1.0,,1.0,1.0,3.0,,,,,,,,,,,1.0,,,,,,,,,,,1.0,1.0,1.5,,,,,,,,,,,,,,,0.5,,,1.0,0.5,,0.4475,0.75,,,,,,,,,,,,,,,,,,,,1.0,1.0,,,,,,,,,,,,,,,,,,,,,,,,,1.0,,,,,,,1.0,2.0,,,,1.0,1.0,1.0,,,,,,,,,,,,,,,,1610612764,2015,2014-15,False
101110-201196-202322-202338-2446,1610612764,"Martell Webster, Ramon Sessions, John Wall, Kevin Seraphin, Rasual Butler","Webster, Sessions, Wall, Seraphin, Butler",101110-201196-202322-202338-2446,WAS,10.0,1,,,1.0,,1.0,,1.0,,,,,,,,,,,,,,,,,1.0,,,,,144.0,10.0,,10.0,,,,1.0,0.243,0.243,,,1.0,,1.0,,1.0,,1.0,,1.0,,,,,,,,,,,,,,1.0,,,1.0,,,,2.2,,,,,,,,,,,,,,,,,,,,,,,,,,,,,,,,,,,,,,,,,,,,,,,,,,,,,,,,,,,,,,,,,,,,,,,,,,,,,,,,,,,,,,,,,,,,,,,,,,,,,,,,,,,,,,,,,,,,,,,,,,,,,,,,,,,,,,,,,,,,,,,,,,,,,,,,,,,,,,1610612764,2015,2014-15,False
101110-201196-202322-2446-2743,1610612764,"Martell Webster, Ramon Sessions, John Wall, Rasual Butler, Kris Humphries","Webster, Sessions, Wall, Butler, Humphries",101110-201196-202322-2446-2743,WAS,4.0,1,,2.0,1.0,,1.0,,1.0,,,,,2.0,,,,2.0,,,,,,2.0,2.0,1.0,,1.0,1.0,,360.0,4.0,,4.0,,,,,0.2503,0.2503,1.0,,1.0,,,,,1.0,1.0,1.0,1.0,2.0,,,,,,,,1.0,1.0,1.0,1.0,,,,,,,,,14.5,1.0,,,,,,,,,,,,,,,,,,,,,1.0,,,,,,1.0,,,,,,,,,,,,,,,,,,,,,,,,,,,,,,,,,,,,,,,,,,,,,1.0,1.0,,,,,,,,,,,,,,,,,,,,,,,,,,,,,,,,,,,,,,,,,,,,,,,,,,,,,,,,,,,,,,,,,,,,,,,,,,,,,,,,,,,,1610612764,2015,2014-15,False
101110-201196-202338-203078-2400,1610612764,"Martell Webster, Ramon Sessions, Kevin Seraphin, Bradley Beal, Drew Gooden","Webster, Sessions, Seraphin, Beal, Gooden",101110-201196-202338-203078-2400,WAS,464.0,2,8.0,4.0,17.0,16.0,,,33.0,4.0,,4.0,4.0,19.0,15.0,,,,4.0,2.0,,4.0,,17.0,,,,0.7307692307692307,,0.36363636363636365,102.41379310344827,12.823529411764707,15.375,12.705882352941176,14.875,0.36363636363636365,,0.7272727272727273,0.5614454545454546,,,26.225,,2.0,4.0,,,3.0,7.0,,,4.0,3.0,1.0,5.0,,3.0,4.0,,0.42857142857142855,,0.6818181818181818,,0.6,0.36363636363636365,0.5,0.5,,,0.15384615384615385,,8.542857142857143,3.0,,5.0,1.0,8.0,9.0,,,2.0,,,,,,,,1.0,0.7142857142857143,0.7,0.6666666666666666,0.5,0.2727272727272727,0.2222222222222222,1.0,1.0,,,1.0,,,,,3.0,1.0,1.0,2.0,,2.0,3.0,1.0,3.0,1.0,,8.0,1.0,2.0,1.0,1.0,,2.0,2.0,1.0,0.3333333333333333,0.5,0.75,,0.75,1.0,1.0,1.0,0.25,0.6666666666666666,0.2,0.5,,0.6666666666666666,,0.5,,,,,0.3333333333333333,0.3333333333333333,,,,1.0,,,0.6901,0.10526315789473684,3.0,,6.0,3.0,,2.0,,,,0.6666666666666666,,,,,0.75,0.75,,0.75,,,1.0,,1.0,,,1.0,,,,,,,,,,2.0,,,,,,0.6666666666666666,,,,,,,,,,,1.0,2.0,,,,1.0,,,,,,,,,,,,,,,,,,1610612764,2015,2014-15,False
101110-201196-202338-203078-2403,1610612764,"Martell Webster, Ramon Sessions, Kevin Seraphin, Bradley Beal, Nene","Webster, Sessions, Seraphin, Beal, Nene",101110-201196-202338-203078-2403,WAS,190.0,1,3.0,-4.0,5.0,6.0,,,11.0,1.0,,1.0,2.0,7.0,11.0,,,,1.0,1.0,,2.0,,7.0,,,,0.7,,0.25,83.36842105263159,21.2,14.0,21.2,11.666666666666666,0.25,,0.5,0.4945,,,25.1,,1.0,1.0,,,1.0,3.0,,,,,,,,,,,0.3333333333333333,,0.625,,,0.25,1.0,1.0,,,0.2,,14.0,2.0,,1.0,,1.0,1.0,,,1.0,,,,,,,,,0.5,0.5,1.0,,0.5,0.25,,,,,,,,,,1.0,,,,,2.0,,1.0,2.0,1.0,,5.0,,,,,,,,,1.0,1.0,1.0,,1.0,,,,,,,,,,,1.0,,,,,,,,,,,,,,,1.0,,3.0,1.0,,1.0,,,,1.0,,,,,1.0,1.0,,1.0,,,,,,,,,,,,,,,,,,1.0,,,,,,1.0,,,,,,,,,,,,,,,,,,,,,,,,,,,,,,,,,,1610612764,2015,2014-15,False
101110-201196-202338-203315-2400,1610612764,"Martell Webster, Ramon Sessions, Kevin Seraphin, Toure' Murry, Drew Gooden","Webster, Sessions, Seraphin, Murry, Gooden",101110-201196-202338-203315-2400,WAS,6.0,1,,,1.0,,,,1.0,,,,,,,,,,,,,,,,,,,,,,240.0,6.0,,6.0,,,,,,,,,,,,,,,,,,,1.0,,1.0,,,,,,,,,1.0,,,,,,,,,,,,,,,,,,,,,,,,,,,,,,,,,,,,,,,,,,,,,,,,,,,,,,,,,,,1.0,,,,,,,,,,,,,,,,,,,,,,,,,,,,,,,,,,,,,,,,,,,,,,,,,,,,,,,,,,,,,,,,,,,,,,,,,,,,,,,,,,,,,,,,,,,,,,,,,,,,,,,,,,,1610612764,2015,2014-15,False
101110-201196-202338-203490-2743,1610612764,"Martell Webster, Ramon Sessions, Kevin Seraphin, Otto Porter Jr., Kris Humphries","Webster, Sessions, Seraphin, Porter Jr., Humphries",101110-201196-202338-203490-2743,WAS,129.0,1,2.0,1.0,5.0,5.0,,,10.0,2.0,,2.0,,3.0,2.0,,,,2.0,1.0,,,,3.0,,,,0.25,,0.3333333333333333,111.62790697674419,16.8,9.0,16.2,7.4,0.3333333333333333,,0.6666666666666666,0.5583250000000001,,,25.7,,,2.0,,,,4.0,,,,,,,,,,,,,0.25,,,0.3333333333333333,,,,,,,6.775,1.0,,1.0,,1.0,2.0,,,,,,,,,,,,0.5,0.3333333333333333,,0.5,0.16666666666666666,,1.0,1.0,,1.0,,,,,,1.0,,1.0,,,,3.0,,,,,,1.0,,1.0,1.0,,,,,,,0.5,,0.5,,,,0.25,,0.2,0.5,,,,,0.16666666666666666,,,,,,,,,1.0,,,0.6808,,1.0,,,1.0,,,,,,,,,,,0.5,0.5,,0.5,,,,,1.0,,,,,,,,,,,,,,,,,,,,,,,,,,1.0,,,,,,,,,,,,,,,,,,,,,,,,,,,1610612764,2015,2014-15,False
101110-201196-202338-2400-2446,1610612764,"Martell Webster, Ramon Sessions, Kevin Seraphin, Drew Gooden, Rasual Butler","Webster, Sessions, Seraphin, Gooden, Butler",101110-201196-202338-2400-2446,WAS,573.0,3,10.0,1.0,18.0,19.0,1.0,4.0,37.0,,,,2.0,14.0,13.0,,,,,3.0,,3.0,,12.0,,1.0,,0.3888888888888889,,,92.98429319371726,16.333333333333332,14.68421052631579,16.0,13.894736842105264,,,0.4117647058823529,0.4472294117647059,0.3913,,,0.05555555555555555,5.0,7.0,,,6.0,17.0,,1.0,10.0,1.0,1.0,2.0,,2.0,3.0,,0.35294117647058826,,0.35294117647058826,,0.5,0.4117647058823529,0.7142857142857143,0.7142857142857143,,,0.1111111111111111,,8.08235294117647,5.0,,7.0,1.0,9.0,11.0,,,2.0,,,,,,,,1.0,0.7777777777777778,0.7272727272727273,0.5,1.0,0.29411764705882354,0.1111111111111111,2.0,2.0,1.0,5.0,,,,,,,1.0,2.0,2.0,,2.0,,1.0,1.0,1.0,,2.0,2.0,1.0,2.0,1.0,,1.0,,,0.16666666666666666,0.2,,,,0.5,0.5,0.5,0.18181818181818182,0.5,0.18181818181818182,,0.2,0.5,,0.2,0.29411764705882354,0.2,0.2,,,,,,,1.0,,,0.4469,0.14285714285714285,,,,,,,,,,,,,,,,,,,,1.0,0.75,,1.0,,,,1.0,,,,,,,,,,,,,0.25,,,,,,,,,,,,,1.0,2.0,,,,0.5,,,,,,,,,,,,,,,,,,1610612764,2015,2014-15,False
101110-201196-202338-2403-2446,1610612764,"Martell Webster, Ramon Sessions, Kevin Seraphin, Nene, Rasual Butler","Webster, Sessions, Seraphin, Nene, Butler",101110-201196-202338-2403-2446,WAS,90.0,1,2.0,-1.0,2.0,3.0,,,5.0,2.0,,2.0,1.0,4.0,5.0,,,,2.0,1.0,,2.0,,4.0,,,,0.6666666666666666,,1.0,80.0,21.5,15.666666666666666,21.5,15.666666666666666,1.0,,1.0,0.529275,,,26.15,,,,,,,,,,,,,,,1.0,1.0,,,,0.75,,,,,,,,0.3333333333333333,,,,,1.0,,1.0,1.0,,,1.0,1.0,1.0,,1.0,,,,,1.0,1.0,1.0,,,1.0,,,,,,,,,,1.0,,,,,,,,1.0,,,3.0,,,,,,,,,,,0.5,,0.5,,,,,,,,,,,,,,,,,,,,,,,,,,1.0,,3.0,1.0,,1.0,,,,1.0,,,,,0.5,0.5,,0.5,,,,,,1.0,1.0,,,,,,,,,,,1.0,,,,,,1.0,,,,,,,,,,,,,,,,,,,,,,,,,,,,,,,,,,1610612764,2015,2014-15,False
101110-201196-202338-2446-2743,1610612764,"Martell Webster, Ramon Sessions, Kevin Seraphin, Rasual Butler, Kris Humphries","Webster, Sessions, Seraphin, Butler, Humphries",101110-201196-202338-2446-2743,WAS,1208.0,4,20.0,-4.0,36.0,36.0,8.0,3.0,72.0,7.0,2.0,7.0,4.0,37.0,41.0,2.0,2.0,9.0,7.0,6.0,,4.0,1.0,31.0,9.0,8.0,1.0,0.5285714285714286,0.5625,0.21212121212121213,85.82781456953643,18.63888888888889,14.916666666666666,16.944444444444443,14.25,0.21212121212121213,0.2857142857142857,0.42424242424242425,0.46937121212121213,0.43565,0.24324324324324326,25.285714285714285,0.2222222222222222,4.0,7.0,,1.0,12.0,26.0,2.0,5.0,10.0,5.0,4.0,8.0,,5.0,9.0,,0.46153846153846156,0.4,0.5,0.5,0.625,0.21212121212121213,0.5714285714285714,0.6666666666666666,0.14285714285714285,,0.029411764705882353,,10.953846153846154,10.0,1.0,11.0,,12.0,19.0,,,1.0,2.0,,2.0,2.0,,0.038461538461538464,0.14285714285714285,,0.8461538461538461,0.8,1.0,0.75,0.30303030303030304,0.037037037037037035,6.0,3.0,4.0,9.0,4.0,,,,,3.0,3.0,5.0,6.0,1.0,14.0,,7.0,10.0,2.0,1.0,23.0,5.0,1.0,7.0,2.0,1.0,3.0,1.0,2.0,0.5833333333333334,0.7,0.42857142857142855,0.5,0.42857142857142855,0.6,0.6,0.6,0.35714285714285715,0.5,0.3888888888888889,0.6666666666666666,,1.0,,0.5,0.2727272727272727,0.4444444444444444,0.4444444444444444,0.25,0.4,0.4,,,,0.6,,,0.5241333333333333,0.16216216216216217,3.0,1.0,9.0,3.0,,3.0,,1.0,2.0,1.0,,,0.058823529411764705,,0.42857142857142855,0.42857142857142855,0.5,0.42857142857142855,4.0,,0.8571428571428571,1.0,1.0,1.0,0.5,1.0,,,,,,,,,,3.0,2.0,,0.5,0.6,,1.0,,,,,0.5,,,1.0,,,2.0,4.0,,,,0.6666666666666666,,,,,,,,,,,,,,,,,,1610612764,2015,2014-15,False
101110-201196-203490-2403-2446,1610612764,"Martell Webster, Ramon Sessions, Otto Porter Jr., Nene, Rasual Butler","Webster, Sessions, Porter Jr., Nene, Butler",101110-201196-203490-2403-2446,WAS,1.0,1,,-2.0,,1.0,,1.0,1.0,,,,,,2.0,,,,,,,,,,,,,,,,1440.0,,1.0,,1.0,,,,,,,,,,,,,,,,,,,,,,,1.0,,,,,,,,,,,,,,,,,,,,,,,,,,,,,,,,,,,,,,,,,,,,,,,,,,,,,,,,,,,,,,,,,,,,,,,,,,,,,,,,,,,,,,,,,,,,,,,,,,,,,,,,,,,,,,,,,,,,,,,,,,,,,,,,,,,,,,,,,,,,,,,,,,,,,,,,,,,,,,,,,,,,,,,,,,,,1610612764,2015,2014-15,False
101110-201971-202322-2400-2446,1610612764,"Martell Webster, DeJuan Blair, John Wall, Drew Gooden, Rasual Butler","Webster, Blair, Wall, Gooden, Butler",101110-201971-202322-2400-2446,WAS,40.0,1,1.0,-2.0,1.0,1.0,1.0,1.0,2.0,,,,,,2.0,,,,,,,,,,,1.0,,,,,72.0,28.0,12.0,28.0,12.0,,,,0.3047,0.3047,,,1.0,,,,,,1.0,,1.0,,,,,,,,,,,,,,,,,,,,,21.6,1.0,,,,,,,,,,,,,,,,,,,,,1.0,,,,,,,,,,,,,,,,,,,,,,,,,,,,,,,,,,,,,,,,,,,,,,,,,,,,,,,,,,,,,,,,,,,,,,,,,,,,,,,,,,,,,,,,,,,,,,,,,,,,,,,,,,,,,,,,,,,,,,,,,,,,,,,,,,,,,,,,1610612764,2015,2014-15,False
101110-202066-202322-202338-2400,1610612764,"Martell Webster, Garrett Temple, John Wall, Kevin Seraphin, Drew Gooden","Webster, Temple, Wall, Seraphin, Gooden",101110-202066-202322-202338-2400,WAS,31.0,1,1.0,,1.0,1.0,,1.0,2.0,,,1.0,,,,,,,,,,,,,,,,,,0.5,92.9032258064516,31.0,,17.0,,,,0.5,0.42335,,,22.7,,,,,,,1.0,,,,,,,,,,,,,,,,,,,,,,,21.8,1.0,1.0,,1.0,1.0,2.0,,,,,,,,,1.0,,1.0,,,,,0.5,,1.0,,,,,,1.0,,,,,1.0,,,,,,,,,,,,1.0,,,,,,,,,,,,,,,,0.5,,,,,,,,,,,,0.5,,,,,,,,,,,,,,,,,,,,,,,,,,,,,,,,,,,,,,,,,,,,1.0,,1.0,,1.0,,,,,,,,,,,,,,,,,,,,1.0,,,,,,,,,,,,,,,1610612764,2015,2014-15,False
101110-202066-202322-202338-2743,1610612764,"Martell Webster, Garrett Temple, John Wall, Kevin Seraphin, Kris Humphries","Webster, Temple, Wall, Seraphin, Humphries",101110-202066-202322-202338-2743,WAS,86.0,1,1.0,-6.0,3.0,4.0,,,7.0,1.0,,1.0,,2.0,8.0,,,,1.0,,,,,2.0,,,,0.5,,0.5,117.20930232558139,19.333333333333332,7.0,19.333333333333332,7.0,0.5,,1.0,0.4353,,,25.4,,1.0,1.0,,,1.0,1.0,,,,1.0,,1.0,,1.0,1.0,,1.0,,0.5,,1.0,0.5,1.0,1.0,,,,,3.9,,,,1.0,1.0,1.0,,,,,,,,,,,1.0,,,,,,,,,,,,,,,,,,,,,2.0,,1.0,1.0,1.0,,2.0,,,,,,,1.0,,1.0,1.0,,,,,,,,,,,,,,1.0,,,,,,,,,,,,,,,,,,,,,,,,,,,,,,,,,,,,,,,,,,,,,,,,,,,,,,,,,,,,,,,,,,,,,,,,,,,,,,,,,,,,,,,,,,1610612764,2015,2014-15,False
101110-202066-202338-203490-2400,1610612764,"Martell Webster, Garrett Temple, Kevin Seraphin, Otto Porter Jr., Drew Gooden","Webster, Temple, Seraphin, Porter Jr., Gooden",101110-202066-202338-203490-2400,WAS,423.0,1,7.0,4.0,14.0,15.0,,,29.0,3.0,,3.0,6.0,21.0,17.0,,,,3.0,4.0,,7.0,,21.0,,,,0.7,,0.25,98.72340425531915,12.857142857142858,16.2,11.928571428571429,15.866666666666667,0.25,,0.5,0.494875,,,25.03333333333333,,3.0,3.0,,,6.0,9.0,,,8.0,,,,,2.0,2.0,1.0,0.6666666666666666,,0.625,,,0.25,1.0,1.0,,,0.2,0.25,9.566666666666666,3.0,,4.0,,6.0,7.0,,,2.0,,,,,,,,,0.8,0.8571428571428571,1.0,1.0,0.25,0.18181818181818182,1.0,,1.0,3.0,2.0,,,,,1.0,,1.0,,,4.0,,2.0,3.0,1.0,,7.0,1.0,2.0,1.0,1.0,1.0,,,,0.3333333333333333,0.3333333333333333,0.3333333333333333,,0.3333333333333333,,,,0.3333333333333333,1.0,0.2,,1.0,1.0,,0.3333333333333333,0.25,0.3333333333333333,0.3333333333333333,,0.6666666666666666,0.6666666666666666,,,,,,,0.3959,,1.0,,3.0,1.0,,1.0,,,,1.0,,,,,0.3333333333333333,0.3333333333333333,,0.3333333333333333,1.0,,0.5,0.5,,,,,,,,,,,,,,1.0,,,,,,1.0,,,,,,,1.0,,,,,,,,,,,,,,,,,,,,,,,,,,,1610612764,2015,2014-15,False
101110-202322-202338-203078-2400,1610612764,"Martell Webster, John Wall, Kevin Seraphin, Bradley Beal, Drew Gooden","Webster, Wall, Seraphin, Beal, Gooden",101110-202322-202338-203078-2400,WAS,108.0,1,2.0,-11.0,2.0,4.0,,,6.0,,,,,,11.0,,,,,,,,,,,,,,,,80.0,21.0,16.5,21.0,16.5,,,,0.3155,,,,,,,,,,1.0,,,,1.0,,1.0,,,,,,,,,1.0,,,,,,,,20.5,1.0,,,,,,,,,,,,,,,,,,,,,1.0,,,,,,,,,,,,,,,,,,,,,,,,,,,,,1.0,,,,,,,,,,,,,,,,,,,,,,,,,,,,,,,,,,,,,,,,,,,,,,,,,,,,,,,,,,,,,,,,,,,,,,,,,,,,,,,,,,,,,,,,,,,,,,,,,,,,,,,,,,,1610612764,2015,2014-15,False
101110-202322-202338-203078-2403,1610612764,"Martell Webster, John Wall, Kevin Seraphin, Bradley Beal, Nene","Webster, Wall, Seraphin, Beal, Nene",101110-202322-202338-203078-2403,WAS,177.0,3,3.0,5.0,7.0,6.0,6.0,2.0,13.0,3.0,3.0,4.0,2.0,7.0,2.0,4.0,2.0,5.0,3.0,3.0,1.0,2.0,,7.0,5.0,6.0,,0.5833333333333334,0.5,0.8,105.76271186440677,9.142857142857142,18.833333333333332,9.142857142857142,16.166666666666668,0.6,0.75,0.8,0.46911,0.4941375,0.7142857142857143,26.05,0.8571428571428571,,,,,1.0,1.0,,,2.0,,,,,,,,1.0,,0.5,0.375,,,,,,,0.16666666666666666,,17.7,1.0,,4.0,,4.0,4.0,,,1.0,1.0,1.0,,1.0,,,,,0.8,0.8,1.0,,0.2,0.5,,,,,1.0,1.0,1.0,1.0,1.0,1.0,,,,1.0,,,,1.0,,,3.0,,,,,,,,,,,0.25,0.25,0.25,,,,,,,,,,,,,,,,1.0,1.0,0.2,1.0,1.0,,0.25,1.0,,,,,3.0,,,1.0,1.0,,,1.0,,,,1.0,,,,,,,0.75,,,1.0,1.0,,,,,,,,,,,,,,,,,,,,,,,,,,,,,,,1.0,,,,,,,,,,,,,,,,,,,,1610612764,2015,2014-15,False
101110-202322-202338-203078-2446,1610612764,"Martell Webster, John Wall, Kevin Seraphin, Bradley Beal, Rasual Butler","Webster, Wall, Seraphin, Beal, Butler",101110-202322-202338-203078-2446,WAS,198.0,1,3.0,-1.0,6.0,5.0,,,11.0,,,1.0,2.0,6.0,7.0,,,,,2.0,,4.0,,6.0,,,,0.5,,0.2,80.0,16.5,19.8,16.5,17.8,,,0.8,0.54575,,,23.1,,2.0,3.0,,,2.0,4.0,,,,,,,,,,1.0,0.5,,0.4,,,0.6,0.6666666666666666,0.6666666666666666,,,0.3333333333333333,0.5,5.8,1.0,,2.0,,2.0,2.0,,,1.0,2.0,2.0,,2.0,,,,,0.5,0.5,0.5,,0.2,0.25,,,,,,,1.0,,,,,,,,4.0,,2.0,2.0,2.0,,4.0,,,,,,,,,1.0,1.0,,,,,,,,,,,,,,1.0,,,,,,,0.2,,,,,,,,,,,,,,,,,,,,,,,,,,,1.0,,,,1.0,0.5,,,,,,,,,,,,,,,,,,,,,,,,,,,,,,,,,,,,,,,,,,,,,,,,,,,1610612764,2015,2014-15,False
101110-202322-202338-203078-2743,1610612764,"Martell Webster, John Wall, Kevin Seraphin, Bradley Beal, Kris Humphries","Webster, Wall, Seraphin, Beal, Humphries",101110-202322-202338-203078-2743,WAS,123.0,2,2.0,3.0,4.0,4.0,,,8.0,2.0,,3.0,,5.0,2.0,,,,2.0,,,,,5.0,,,,0.625,,0.75,93.65853658536587,12.25,18.5,12.25,15.0,0.5,,0.75,0.5184375,,,25.3,,,,,,1.0,1.0,,,,,,,,1.0,1.0,,1.0,,0.625,,,,,,,,,,18.1,1.0,,,,2.0,2.0,,,,,,,,,,,,,0.6666666666666666,,,0.25,,,,,,1.0,,1.0,,,1.0,,,,,2.0,,1.0,2.0,,,5.0,,2.0,,1.0,,,,,1.0,1.0,0.3333333333333333,,0.3333333333333333,,,,,0.6666666666666666,,,,1.0,0.5,,,,,,1.0,1.0,0.25,,,,,,,,1.0,,3.0,1.0,,1.0,,,,1.0,,,,,0.5,0.5,,0.5,1.0,,,1.0,1.0,,,,,,,,,,,,,1.0,,,,,,1.0,,,,,,,,,,,,,,,,,,,,,,,,,,,,,,,,,,1610612764,2015,2014-15,False
101110-202322-202338-203490-2400,1610612764,"Martell Webster, John Wall, Kevin Seraphin, Otto Porter Jr., Drew Gooden","Webster, Wall, Seraphin, Porter Jr., Gooden",101110-202322-202338-203490-2400,WAS,125.0,1,2.0,6.0,5.0,5.0,,2.0,10.0,,,,3.0,7.0,1.0,,,2.0,,3.0,,5.0,,7.0,2.0,,,0.5833333333333334,1.0,,115.19999999999999,14.0,11.0,13.4,9.4,,,0.75,0.576775,0.6085,0.2857142857142857,,,1.0,3.0,1.0,1.0,2.0,4.0,1.0,1.0,2.0,,,1.0,,,3.0,,0.5,1.0,0.5,1.0,,0.75,0.3333333333333333,0.5,1.0,1.0,0.5,,5.45,1.0,1.0,1.0,2.0,4.0,5.0,,1.0,3.0,2.0,2.0,,2.0,,0.25,0.3333333333333333,1.0,0.5,0.6666666666666666,0.5,,0.25,0.5,1.0,1.0,,,1.0,,,,,,,1.0,,,2.0,,1.0,1.0,1.0,,2.0,1.0,1.0,1.0,,,1.0,,,0.5,0.5,,,,,,,0.5,1.0,0.5,0.5,,1.0,,1.0,,,,,1.0,1.0,,,,1.0,,,0.5302,,,,,,,,,,,,,,,,,,,,,1.0,,,,1.0,0.5,1.0,,,,,,,,,,,,,,,,,,,,,,,,,,,,,,,,,,,,,,,,,,,,,,,,,,1610612764,2015,2014-15,False
101110-202322-202338-2400-2446,1610612764,"Martell Webster, John Wall, Kevin Seraphin, Drew Gooden, Rasual Butler","Webster, Wall, Seraphin, Gooden, Butler",101110-202322-202338-2400-2446,WAS,40.0,1,1.0,1.0,2.0,1.0,,1.0,3.0,,,,1.0,3.0,2.0,,,,,1.0,,2.0,,1.0,,,,0.75,,,108.0,10.5,19.0,6.5,19.0,,,,0.3757,,,,,,,,,1.0,1.0,,,,,,,,,,,1.0,,1.0,,,,,,,,0.5,,21.1,1.0,,,,,,,,1.0,,,,,,,,,,,,,1.0,0.5,1.0,,,,1.0,,,,,,1.0,1.0,2.0,,2.0,,1.0,1.0,,,2.0,,,,,,,,,1.0,1.0,,,,1.0,1.0,1.0,,,,,,,,,,,,,1.0,1.0,,,,,,,0.3757,0.6666666666666666,,,,,,,,,,,,,,,,,,,1.0,,,1.0,,,,,,,,,,,,,,,,,,,,,,,,,,,,,,,,,,,,,,,,,,,,,,,,,,,,,,1610612764,2015,2014-15,False
101110-202322-202338-2403-2446,1610612764,"Martell Webster, John Wall, Kevin Seraphin, Nene, Rasual Butler","Webster, Wall, Seraphin, Nene, Butler",101110-202322-202338-2403-2446,WAS,31.0,1,1.0,-1.0,1.0,1.0,,1.0,2.0,,,,1.0,1.0,2.0,,,,,1.0,,2.0,,1.0,,,,0.5,,,92.9032258064516,18.0,13.0,18.0,13.0,,,,,,,,,,,,,,,,,,,,,,,,,,,,,,,,,,,1.0,,,,,,,,,,,1.0,,,,,,,,,,,,,,1.0,,,,,,,,,,,,,,,,,,,,,,,,,,,,,,,,,,,,,,,,,,,,,,,,,,,,,,,,,,,,,,,,,,,,,,,,,,,,,,,,,,,,,,,,,,,,,,,,,,,,,,,,,,,,,,,,,,,,,,,,,,,,,,,,,,,,,,,1610612764,2015,2014-15,False
101110-202322-202338-2446-2743,1610612764,"Martell Webster, John Wall, Kevin Seraphin, Rasual Butler, Kris Humphries","Webster, Wall, Seraphin, Butler, Humphries",101110-202322-202338-2446-2743,WAS,445.0,5,7.0,-6.0,13.0,14.0,4.0,11.0,27.0,3.0,1.0,4.0,3.0,12.0,18.0,1.0,2.0,4.0,2.0,2.0,,3.0,,12.0,4.0,4.0,,0.5,0.5,0.36363636363636365,87.37078651685393,16.384615384615383,16.571428571428573,15.461538461538462,12.785714285714286,0.2727272727272727,0.3333333333333333,0.5454545454545454,0.47506000000000004,0.58375,0.3333333333333333,28.675,0.3076923076923077,2.0,2.0,1.0,1.0,3.0,7.0,1.0,2.0,6.0,1.0,1.0,3.0,1.0,1.0,2.0,,0.42857142857142855,0.5,0.4090909090909091,0.3333333333333333,0.3333333333333333,0.18181818181818182,1.0,1.0,0.3333333333333333,1.0,0.16666666666666666,,12.471428571428572,4.0,,4.0,,4.0,5.0,,,2.0,3.0,2.0,1.0,3.0,,,,,0.5,0.5,0.3333333333333333,0.6666666666666666,0.36363636363636365,0.25,1.0,,1.0,1.0,,1.0,1.0,,,1.0,,,,,,,,1.0,,,3.0,1.0,,1.0,1.0,1.0,2.0,,,,,0.25,,0.3333333333333333,,,,0.25,,0.16666666666666666,,0.25,,,,0.09090909090909091,1.0,1.0,,,,0.09090909090909091,1.0,1.0,,,,0.57495,,,,3.0,,,1.0,1.0,,,1.0,,,,1.0,,,,,,1.0,0.5,,,1.0,0.3333333333333333,1.0,,,,,,,1.0,,1.0,,,,,,,,1.0,,,,,,,,1.0,,,,,,,,,,,1.0,,,,,,,,,,,,,,1610612764,2015,2014-15,False
101110-202322-203078-203490-2743,1610612764,"Martell Webster, John Wall, Bradley Beal, Otto Porter Jr., Kris Humphries","Webster, Wall, Beal, Porter Jr., Humphries",101110-202322-203078-203490-2743,WAS,,1,,-2.0,,1.0,,1.0,1.0,,,,,,2.0,,,,,,,,,,,,,,,,,,,,,,,,,,,,,,,,,,,,,,,,,,,1.0,,,,,,,,,,,,,,,,,,,,,,,,,,,,1.0,,,,,,,,,,,,,,,,,,,,,,,,,,,,,,,,,,,,,,,,,,,,,,,,,,,,,,,,,,,,,,,,,,,,,,,,,,,,,,,,,,,,,,,,,,,,,,,,,,,,,,,,,,,,,,,,,,,,,,,,,,,,,,,,,,,,,,,,,,,,,,,,1610612764,2015,2014-15,False
101110-202322-203490-2400-2446,1610612764,"Martell Webster, John Wall, Otto Porter Jr., Drew Gooden, Rasual Butler","Webster, Wall, Porter Jr., Gooden, Butler",101110-202322-203490-2400-2446,WAS,28.0,1,,-2.0,2.0,2.0,2.0,2.0,4.0,,,,2.0,2.0,4.0,,2.0,2.0,,1.0,,2.0,1.0,2.0,2.0,2.0,1.0,1.0,1.0,,205.71428571428572,1.5,12.5,1.5,12.5,,,,,,1.0,,1.0,,,,,,,,,,,,,,,,,,,,,,,,,,,,,,,,,,,,,,,,,,,,,,,,,,,,,,,,,,,,,,,,,,,,,,,,,,,,,,,,,,,,,,,,,,,,,,,,,,,,,,,,,,,,,,,,,,,,,,,,,,,,,,,,,,,,,,,,,,,,,,,,,,,,,,,,,,,,,,,,,,,,,,,,,,,,,,,,,,,,,,,,,,,1610612764,2015,2014-15,False
101110-202322-203490-2403-2446,1610612764,"Martell Webster, John Wall, Otto Porter Jr., Nene, Rasual Butler","Webster, Wall, Porter Jr., Nene, Butler",101110-202322-203490-2403-2446,WAS,11.0,1,,-2.0,,1.0,,1.0,1.0,1.0,1.0,1.0,,,2.0,1.0,,,1.0,,,,,,,,,,,1.0,130.9090909090909,,9.0,,9.0,1.0,1.0,1.0,,,,38.8,,,,,,,,,,,,,,,,,,,,,,,,,,,,,,,,,,,,,,,,,,,,,,,,,,,,,,,,,,,,,,,,,,,,,,,,,,,,,,,,,,,,,,,,,,,,,,,,,,,,,,,,,,,,,,,,,,,,,,,,,,,,,,,,,,,,,,,,,,,,,,,,,,,,,,,,,,,,,,,,,,,,,,,,,,,,,,,,,,,,,,,,,,,,1610612764,2015,2014-15,False
101110-202322-2403-2446-2743,1610612764,"Martell Webster, John Wall, Nene, Rasual Butler, Kris Humphries","Webster, Wall, Nene, Butler, Humphries",101110-202322-2403-2446-2743,WAS,122.0,2,2.0,-6.0,5.0,5.0,1.0,1.0,10.0,1.0,,2.0,,2.0,8.0,,,,1.0,,,,,2.0,,1.0,,0.25,,0.5,118.03278688524591,12.8,11.6,12.6,11.6,0.25,,0.75,0.527,,,24.85,0.2,,1.0,,,1.0,2.0,,,2.0,,,,,,1.0,,0.5,,0.25,,,0.25,,,,,,,10.0,1.0,,1.0,,1.0,1.0,,,,,,,,,,,,1.0,1.0,,,0.25,,1.0,,,,1.0,,1.0,,,,,,,,,,,,,,,,,,,,,,,,,,,,,,,,,,,,,,,,,,,1.0,1.0,0.25,,,,,,,,,,,,,,,,,,,,,,,,,,,,1.0,,,,,,,,,,,,,,,,,,,,,,,,,,,,,,,,,,,,,,,,,,,,,,,,,,,,,,,1610612764,2015,2014-15,False
101162-101198-1718-202322-2403,1610612764,"Marcin Gortat, Will Bynum, Paul Pierce, John Wall, Nene","Gortat, Bynum, Pierce, Wall, Nene",101162-101198-1718-202322-2403,WAS,175.0,1,3.0,-1.0,6.0,6.0,,5.0,12.0,1.0,,1.0,,6.0,7.0,,,,1.0,,,,,6.0,,,,0.6,,0.2,98.74285714285715,13.666666666666666,15.5,13.666666666666666,14.833333333333334,0.2,,0.4,0.44949000000000006,,,25.6,,1.0,1.0,,,3.0,4.0,,,4.0,1.0,1.0,1.0,,,2.0,,0.75,,0.6,,1.0,0.2,1.0,1.0,,,,,12.9,2.0,,1.0,,3.0,3.0,,,,,,,,,,,,0.5,0.75,,1.0,0.4,,,,1.0,1.0,1.0,,,,,,,,,,2.0,,1.0,1.0,,,2.0,,2.0,,,,,,,0.3333333333333333,0.3333333333333333,,,,,,,,1.0,,,,1.0,,,0.2,1.0,1.0,,0.5,0.5,,,,,,,,,,,,,,,,,,,,,,,,,,,1.0,,,1.0,,,,,,,,,,,,,,,,,,,,,,,,,,,,,,,,,,,,,,,,,,,,,,,,,,,,,,1610612764,2015,2014-15,False
101162-101198-201196-203490-2400,1610612764,"Marcin Gortat, Will Bynum, Ramon Sessions, Otto Porter Jr., Drew Gooden","Gortat, Bynum, Sessions, Porter Jr., Gooden",101162-101198-201196-203490-2400,WAS,193.0,1,3.0,2.0,7.0,7.0,2.0,,14.0,,,,2.0,6.0,4.0,,,,,1.0,,2.0,,2.0,,2.0,,0.375,,,104.4559585492228,17.714285714285715,9.857142857142858,15.714285714285714,9.714285714285714,,,0.5714285714285714,0.5207142857142857,0.3501,,,0.2857142857142857,1.0,4.0,,,2.0,7.0,,1.0,2.0,2.0,2.0,2.0,1.0,1.0,2.0,,0.2857142857142857,,0.2857142857142857,,1.0,0.5714285714285714,0.25,0.25,,,0.125,,5.528571428571429,1.0,,2.0,2.0,4.0,7.0,,,1.0,,,,,,,,1.0,0.6666666666666666,0.6666666666666666,0.5,,0.14285714285714285,0.125,2.0,2.0,1.0,2.0,,,,,,,2.0,3.0,4.0,,2.0,,1.0,1.0,,1.0,2.0,3.0,,3.0,,,,,,0.5,1.0,,,,0.6666666666666666,0.6666666666666666,0.6666666666666666,0.6,,0.6,0.6666666666666666,1.0,,,,0.2857142857142857,0.5,0.5,1.0,,,,,,0.6666666666666666,,,0.5088,0.6666666666666666,,,,,,,,1.0,,,,,0.2,,,,,,,,1.0,,,,,,,,,,,,,,,,,,,,,,,,,,,,,,,,1.0,2.0,,,,0.5,,,,,,,,,,,,,,,,,,1610612764,2015,2014-15,False
101162-101198-203490-2400-2446,1610612764,"Marcin Gortat, Will Bynum, Otto Porter Jr., Drew Gooden, Rasual Butler","Gortat, Bynum, Porter Jr., Gooden, Butler",101162-101198-203490-2400-2446,WAS,69.0,1,1.0,,3.0,2.0,,,5.0,,,,,2.0,2.0,,,,,,,,,,,,,0.5,,,104.34782608695653,15.666666666666666,11.0,14.333333333333334,11.0,,,,0.3839,,,,,,,,,1.0,2.0,,,2.0,1.0,1.0,2.0,,,1.0,,0.5,,0.5,,0.5,,,,,,,,7.35,,,1.0,,1.0,2.0,,,,,,,,,,,,1.0,1.0,,1.0,,,1.0,,1.0,2.0,,,,,,,1.0,1.0,2.0,,,,,,,,,1.0,,1.0,,,1.0,,,,,,,,1.0,1.0,1.0,1.0,,1.0,,,,,,1.0,0.5,0.5,,,,,,,,,,0.4567,1.0,,,,,,,,,,,,,,,,,,,,,,,,,,,,,,,,,,,,,,,,1.0,,,,,,,,,,,,,,,,,,,,,,1.0,,,,,,,,,,,,,,1610612764,2015,2014-15,False
101162-101198-203490-2446-2743,1610612764,"Marcin Gortat, Will Bynum, Otto Porter Jr., Rasual Butler, Kris Humphries","Gortat, Bynum, Porter Jr., Butler, Humphries",101162-101198-203490-2446-2743,WAS,23.0,1,,-3.0,,1.0,,1.0,1.0,,,,,,3.0,,,,,,,,,,,,,,,,62.60869565217391,,23.0,,23.0,,,,,,,,,,,,,,,,,,,,,,1.0,1.0,,,,,,,,,,,,,,,,,,,,,,,,,,,,,,,,,,,,,,,,,,,,,,,,,,,,,,,,,,,,,,,,,,,,,,,,,,,,,,,,,,,,,,,,,,,,,,,,,,,,,,,,,,,,,,,,,,,,,,,,,,,,,,,,,,,,,,,,,,,,,,,,,,,,,,,,,,,,,,,,,,,,,,,,,,,,1610612764,2015,2014-15,False
101162-1718-1889-201971-203078,1610612764,"Marcin Gortat, Paul Pierce, Andre Miller, DeJuan Blair, Bradley Beal","Gortat, Pierce, Miller, Blair, Beal",101162-1718-1889-201971-203078,WAS,60.0,1,1.0,1.0,2.0,3.0,2.0,3.0,5.0,,,,,2.0,1.0,,,2.0,,,,,,2.0,2.0,2.0,,1.0,1.0,,120.0,19.0,7.333333333333333,19.0,7.333333333333333,,,,0.39,0.39,1.0,,1.0,,,,,1.0,1.0,1.0,1.0,2.0,1.0,1.0,1.0,1.0,1.0,1.0,,1.0,1.0,1.0,1.0,1.0,,,,,,,,14.8,1.0,,,,1.0,1.0,,,,,,,,,,,,,1.0,,,1.0,,,,,,1.0,,,,,,,,,,,,,,,,,,1.0,,,,,,,,,,,,,,,,1.0,,,,1.0,,,,,,,1.0,1.0,,,,,,,,,,,,,,,,,,,,,,,,,,,,,,,,,,,,,,,,,,,,,,,,,,,,,,,,,,,,,,,,,,,,,,,,,,,,,,,,,,,,1610612764,2015,2014-15,False
101162-1718-1889-203078-2403,1610612764,"Marcin Gortat, Paul Pierce, Andre Miller, Bradley Beal, Nene","Gortat, Pierce, Miller, Beal, Nene",101162-1718-1889-203078-2403,WAS,139.0,1,2.0,,4.0,5.0,,5.0,9.0,,,,2.0,2.0,2.0,,,,,2.0,,2.0,,2.0,,,,0.3333333333333333,,,93.23741007194243,17.75,13.6,17.75,8.0,,,,0.3938,,,,,,,,,,2.0,,,,1.0,1.0,1.0,,,,,,,,,1.0,,,,,,0.3333333333333333,,12.85,1.0,1.0,1.0,,2.0,2.0,,,1.0,1.0,1.0,,1.0,,0.5,,,0.3333333333333333,0.5,,,0.5,0.3333333333333333,,,,1.0,,,,,,,,,,,,,,,,,,,1.0,,1.0,,,,,,,,,,,,,,1.0,,,,1.0,,,0.5,,,,,,,,,,,,,,,,,,,,,,,,,,,,,,,,,,0.5,,1.0,,,,,,,,,,,,,,,,,,,,,,,,,1.0,1.0,,,,,,,,,,,,,,,,,,,,,,,,,,,1610612764,2015,2014-15,False
101162-1718-1889-203078-2743,1610612764,"Marcin Gortat, Paul Pierce, Andre Miller, Bradley Beal, Kris Humphries","Gortat, Pierce, Miller, Beal, Humphries",101162-1718-1889-203078-2743,WAS,55.0,1,1.0,,2.0,3.0,,3.0,5.0,,,,,,,,,,,,,,,,,,,,,,130.9090909090909,15.0,8.333333333333334,14.0,8.333333333333334,,,0.6666666666666666,0.5224666666666666,,,,,,2.0,,,,3.0,,,,,,,,,,,,,,,,0.6666666666666666,,,,,,,5.166666666666667,,,,,,1.0,,,,,,,,,,,,,,,,,,1.0,1.0,,1.0,,,,,,,,1.0,,,,,,,,,,1.0,,1.0,2.0,1.0,,,,,,,,,,,,0.3333333333333333,,0.3333333333333333,0.5,,,,,0.3333333333333333,,,,,,,,,1.0,,,0.5135,,,,,,,,,,,,,,,,,,,,,,,,1.0,,,,,,,,,,,,,,,,,,,,,,,,,,,,,,,,,,,,,,,,,,,,,,,,,,,,,1610612764,2015,2014-15,False
101162-1718-1889-203490-2400,1610612764,"Marcin Gortat, Paul Pierce, Andre Miller, Otto Porter Jr., Drew Gooden","Gortat, Pierce, Miller, Porter Jr., Gooden",101162-1718-1889-203490-2400,WAS,182.0,1,3.0,,5.0,4.0,,,9.0,1.0,,1.0,,7.0,7.0,,,,1.0,,,,,5.0,,,,0.5833333333333334,,0.16666666666666666,71.20879120879121,20.6,19.75,20.4,18.5,0.16666666666666666,,0.3333333333333333,0.45255,,,24.7,,1.0,1.0,,,2.0,5.0,,,2.0,,,,,,,,0.4,,0.5833333333333334,,,0.16666666666666666,1.0,1.0,,,,,11.42,2.0,,,,1.0,2.0,,,,,,,,,,,,,0.5,,,0.3333333333333333,,1.0,1.0,,2.0,1.0,,,,,1.0,1.0,1.0,2.0,,2.0,,1.0,2.0,,,5.0,1.0,1.0,1.0,,,,,,0.5,1.0,1.0,,1.0,1.0,1.0,1.0,0.3333333333333333,0.5,0.3333333333333333,,,,0.5,,0.3333333333333333,,,,0.5,0.5,,,,1.0,,,0.6029,0.2857142857142857,1.0,,3.0,1.0,,1.0,,,,1.0,,,,,1.0,1.0,,1.0,1.0,,,1.0,,,,,,,,,,,,,,1.0,,,,0.5,,1.0,,,,,,,,,,,1.0,2.0,,,,1.0,,,,,,,,,,,,,,,,,,1610612764,2015,2014-15,False
101162-1718-201196-202066-202322,1610612764,"Marcin Gortat, Paul Pierce, Ramon Sessions, Garrett Temple, John Wall","Gortat, Pierce, Sessions, Temple, Wall",101162-1718-201196-202066-202322,WAS,118.0,1,2.0,1.0,4.0,4.0,,4.0,8.0,,,1.0,,5.0,4.0,,,,,1.0,,,,5.0,,,,0.625,,0.25,97.6271186440678,12.0,17.5,11.75,17.5,,,0.75,0.569725,,,23.4,,1.0,2.0,,,1.0,3.0,,,,,,,,,1.0,,0.3333333333333333,,0.625,,,0.5,0.5,0.5,,,,,2.6666666666666665,,,,,1.0,2.0,,1.0,,,,,,1.0,,,,,0.5,,,,,1.0,1.0,,1.0,,1.0,1.0,,,1.0,,1.0,,,2.0,,1.0,2.0,1.0,,5.0,1.0,1.0,1.0,,,,,,1.0,1.0,1.0,,1.0,,,,0.5,0.5,0.5,,,0.5,,1.0,0.25,,,,,,0.25,1.0,1.0,1.0,,,0.6541,,,,3.0,,,1.0,1.0,,,1.0,,,,1.0,,,,,,,,,,,,,,,,,,,,,,,,,,1.0,,,,,,,,,,,,,,,,1.0,,,,,,,,,,,,,,,,,,,,1610612764,2015,2014-15,False
101162-1718-201196-202322-203078,1610612764,"Marcin Gortat, Paul Pierce, Ramon Sessions, John Wall, Bradley Beal","Gortat, Pierce, Sessions, Wall, Beal",101162-1718-201196-202322-203078,WAS,19.0,2,,-3.0,1.0,1.0,1.0,,2.0,,,,,,3.0,,,,,,,,,,,1.0,,,,,151.57894736842107,,19.0,,19.0,,,,,,,,1.0,,,,,,,,,,,,1.0,1.0,1.0,1.0,,,,,,,,,,,,,,,,,,,,,,,,,,,,,,,,,,,,,,,,,,,,,,,,,,,,,,,,,,,,,,,,1.0,,,,,,,,,,,,,,,,,,,,,,,,,,,,,,,,,,,,,,,,,,,,,,,,,,,,,,,,,,1.0,,,,,,,,,,,,,,,,,,,,,,,,,,,,,,,,,,,,,,,,,,,,,,,,,,1610612764,2015,2014-15,False
101162-1718-201196-202322-203490,1610612764,"Marcin Gortat, Paul Pierce, Ramon Sessions, John Wall, Otto Porter Jr.","Gortat, Pierce, Sessions, Wall, Porter Jr.",101162-1718-201196-202322-203490,WAS,432.0,1,7.0,14.0,16.0,15.0,11.0,,31.0,5.0,5.0,6.0,6.0,22.0,8.0,5.0,3.0,17.0,5.0,5.0,,9.0,2.0,22.0,17.0,11.0,2.0,0.6111111111111112,0.7083333333333334,0.42857142857142855,103.33333333333333,11.9375,16.066666666666666,11.375,15.733333333333333,0.35714285714285715,0.5,0.8571428571428571,0.5779857142857142,0.61274,0.7727272727272727,25.78333333333333,0.6875,4.0,6.0,3.0,4.0,5.0,8.0,4.0,5.0,2.0,,,,,,1.0,,0.625,0.8,0.5714285714285714,0.7,,0.42857142857142855,0.6666666666666666,0.8,0.4,0.75,0.1875,,4.6,1.0,1.0,4.0,,6.0,8.0,,,3.0,,,,,,0.125,0.16666666666666666,,1.0,0.8571428571428571,,1.0,0.07142857142857142,0.3,2.0,,1.0,1.0,,,1.0,,,2.0,,,,2.0,8.0,,4.0,6.0,3.0,1.0,14.0,1.0,2.0,2.0,3.0,2.0,,,,0.8,0.8,0.3333333333333333,0.4,0.3333333333333333,,,,0.3333333333333333,0.6666666666666666,0.2857142857142857,0.5,,0.5,1.0,0.75,0.07142857142857142,1.0,1.0,1.0,,,0.07142857142857142,,,,,,0.5244,,2.0,2.0,6.0,2.0,,2.0,,,,1.0,,,,,0.4,0.4,0.4,0.4,,1.0,1.0,,1.0,,,,,,,,,,1.0,,2.0,2.0,1.0,,0.25,,,1.0,0.5,,,,0.3333333333333333,,,,,,,,,,,,,,,,1.0,0.5,,,,,,,,,,,,1610612764,2015,2014-15,False
101162-1718-201196-202322-2400,1610612764,"Marcin Gortat, Paul Pierce, Ramon Sessions, John Wall, Drew Gooden","Gortat, Pierce, Sessions, Wall, Gooden",101162-1718-201196-202322-2400,WAS,757.0,6,13.0,-3.0,28.0,27.0,17.0,19.0,55.0,8.0,7.0,9.0,3.0,28.0,31.0,8.0,,21.0,8.0,3.0,,4.0,,26.0,21.0,17.0,,0.4666666666666667,0.5833333333333334,0.32142857142857145,104.62351387054161,14.428571428571429,13.074074074074074,13.0,12.851851851851851,0.2857142857142857,0.3888888888888889,0.6428571428571429,0.5180696428571429,0.5171305555555556,0.75,25.5,0.6071428571428571,6.0,9.0,4.0,5.0,8.0,19.0,6.0,10.0,2.0,,,1.0,1.0,1.0,4.0,,0.42105263157894735,0.6,0.44642857142857145,0.5833333333333334,,0.32142857142857145,0.6666666666666666,0.8571428571428571,0.2777777777777778,0.8,0.06666666666666667,,8.121052631578948,5.0,2.0,2.0,1.0,7.0,11.0,1.0,1.0,2.0,1.0,1.0,,1.0,1.0,0.10526315789473684,0.2222222222222222,1.0,0.5,0.75,0.6666666666666666,,0.17857142857142858,0.09523809523809523,5.0,1.0,1.0,5.0,1.0,,1.0,,1.0,3.0,,3.0,2.0,3.0,14.0,,7.0,10.0,5.0,1.0,23.0,3.0,4.0,4.0,4.0,1.0,1.0,,,0.875,0.875,0.3333333333333333,0.375,0.3333333333333333,,,0.2,0.3,1.0,0.25,0.6666666666666666,0.25,1.0,,0.8333333333333334,0.17857142857142858,0.2,0.2,1.0,0.2,0.2,0.03571428571428571,,,0.25,0.05555555555555555,,0.4071666666666667,0.07142857142857142,3.0,3.0,9.0,3.0,,3.0,,,,1.0,,,,,0.375,0.375,0.42857142857142855,0.375,1.0,,,1.0,3.0,,,,,,,,,,1.0,,1.0,3.0,1.0,,0.16666666666666666,,1.0,1.0,0.25,,,2.0,,,1.0,,,,,,,,,,,,,,,,,,,,,,,,,,,1610612764,2015,2014-15,False
101162-1718-201196-202322-2403,1610612764,"Marcin Gortat, Paul Pierce, Ramon Sessions, John Wall, Nene","Gortat, Pierce, Sessions, Wall, Nene",101162-1718-201196-202322-2403,WAS,264.0,3,4.0,-1.0,9.0,10.0,4.0,3.0,19.0,,,,1.0,5.0,6.0,,,2.0,,3.0,,2.0,,5.0,2.0,4.0,,0.3125,0.5,,103.63636363636363,13.88888888888889,13.9,13.88888888888889,13.9,,,0.2857142857142857,0.48695714285714287,0.53715,0.4,,0.4444444444444444,2.0,2.0,1.0,1.0,2.0,7.0,1.0,2.0,,,,2.0,2.0,,,,0.2857142857142857,0.5,0.2857142857142857,0.5,,0.2857142857142857,1.0,1.0,0.5,1.0,0.125,,9.37142857142857,2.0,1.0,3.0,,5.0,6.0,,,1.0,,,,,,0.14285714285714285,,,1.0,0.8333333333333334,,,0.2857142857142857,0.125,,,,3.0,,,,,,,,,,,4.0,,2.0,2.0,2.0,,4.0,1.0,2.0,1.0,1.0,,2.0,,,1.0,1.0,,,,,,,0.2,0.6666666666666666,0.2,,,1.0,,1.0,0.42857142857142855,,,,,,,,,,,,,,,,,,,,,,,,,,,,,,,,,,1.0,,1.0,,,,1.0,,,,,,,,,,,,,0.3333333333333333,,,,,,,,0.3333333333333333,1.0,,,1.0,,,,,,,,,,,,,,,,,,,,,,,,1610612764,2015,2014-15,False
101162-1718-201196-202322-2446,1610612764,"Marcin Gortat, Paul Pierce, Ramon Sessions, John Wall, Rasual Butler","Gortat, Pierce, Sessions, Wall, Butler",101162-1718-201196-202322-2446,WAS,18.0,1,,,,1.0,,1.0,1.0,,,,,,,,,,,,,,,,,,,,,,80.0,,18.0,,18.0,,,,,,,,,,,,,,,,,,,,,,,1.0,,,,,,,,,,,,,,,,,1.0,,1.0,1.0,,,,,,,,,,,,1.0,1.0,,,,,,,,,,,,,,,,,,,,,,,,,,,,,,,,,,,,,,,,,,,,,,,,,,,,,,,,,,,,,,,,,,,,,,,,,,,,,,,,,,,,1.0,,,,,,,,,,,,,,,,,,,,,,,,,,,,,,,,,,,,,,,,,,,,,,,,,,,,,,,1610612764,2015,2014-15,False
101162-1718-201196-203078-2400,1610612764,"Marcin Gortat, Paul Pierce, Ramon Sessions, Bradley Beal, Drew Gooden","Gortat, Pierce, Sessions, Beal, Gooden",101162-1718-201196-203078-2400,WAS,1182.0,3,20.0,22.0,40.0,38.0,9.0,6.0,78.0,7.0,,9.0,10.0,59.0,37.0,2.0,5.0,17.0,7.0,9.0,,13.0,2.0,53.0,17.0,9.0,2.0,0.8194444444444444,0.85,0.3,95.0253807106599,14.95,15.368421052631579,14.25,15.289473684210526,0.23333333333333334,,0.6,0.5165116666666667,0.5231642857142857,0.288135593220339,24.88888888888889,0.225,8.0,9.0,2.0,3.0,14.0,21.0,3.0,5.0,8.0,6.0,3.0,8.0,1.0,3.0,4.0,,0.6666666666666666,0.6,0.8166666666666667,0.8571428571428571,0.75,0.3,0.8888888888888888,0.8888888888888888,0.42857142857142855,0.6666666666666666,0.14705882352941177,,7.990476190476191,6.0,,11.0,,16.0,20.0,,,5.0,3.0,2.0,1.0,3.0,,,,,0.6875,0.7619047619047619,0.8333333333333334,0.4,0.2,0.2,3.0,2.0,2.0,6.0,4.0,2.0,2.0,2.0,2.0,7.0,2.0,3.0,6.0,2.0,20.0,,10.0,17.0,7.0,1.0,41.0,3.0,5.0,4.0,2.0,1.0,2.0,3.0,1.0,0.7142857142857143,0.7142857142857143,0.7777777777777778,1.0,0.7777777777777778,0.6666666666666666,0.6666666666666666,0.75,0.42857142857142855,1.0,0.4444444444444444,1.0,,1.0,1.0,0.875,0.2,0.3333333333333333,0.3333333333333333,0.5,0.6666666666666666,0.6666666666666666,0.06666666666666667,1.0,1.0,0.6666666666666666,0.2857142857142857,1.0,0.6915,0.1016949152542373,5.0,,21.0,5.0,,7.0,2.0,,,1.0,,,,1.0,0.7142857142857143,0.7142857142857143,,0.7142857142857143,2.0,1.0,0.8,0.5,1.0,2.0,0.6666666666666666,,,,,,,,,,,5.0,1.0,,0.5,0.5,,1.0,,,,2.0,0.5,,,,,1.0,1.0,,,,,0.5,,,,,,,1.0,1.0,,,,,,,,,,1610612764,2015,2014-15,False
101162-1718-201196-203078-2403,1610612764,"Marcin Gortat, Paul Pierce, Ramon Sessions, Bradley Beal, Nene","Gortat, Pierce, Sessions, Beal, Nene",101162-1718-201196-203078-2403,WAS,1027.0,1,17.0,1.0,32.0,32.0,7.0,3.0,64.0,5.0,1.0,5.0,1.0,36.0,35.0,1.0,,10.0,5.0,5.0,,2.0,,32.0,10.0,7.0,,0.5625,0.625,0.15625,89.73709834469328,17.375,14.71875,15.6875,14.21875,0.15625,0.125,0.53125,0.524715625,0.57973125,0.2777777777777778,25.080000000000002,0.21875,9.0,12.0,4.0,5.0,13.0,27.0,5.0,7.0,4.0,1.0,1.0,5.0,1.0,2.0,4.0,,0.48148148148148145,0.7142857142857143,0.546875,0.625,0.2,0.375,0.75,0.75,0.625,0.8,0.0625,,8.925925925925926,8.0,,12.0,1.0,16.0,20.0,,,2.0,1.0,,1.0,1.0,,,,1.0,0.8571428571428571,0.8823529411764706,0.5,1.0,0.25,0.07407407407407407,3.0,,2.0,7.0,2.0,,,,,3.0,2.0,3.0,4.0,,22.0,,11.0,14.0,9.0,2.0,31.0,3.0,3.0,4.0,,,4.0,,1.0,0.8461538461538461,0.8461538461538461,0.6,,0.6,0.6666666666666666,0.5,0.5,0.23076923076923078,1.0,0.26666666666666666,,0.16666666666666666,1.0,,1.0,0.21875,0.2857142857142857,0.2857142857142857,1.0,0.25,0.25,,,,,,,0.47941666666666666,0.1111111111111111,3.0,,9.0,3.0,,3.0,,1.0,1.0,1.0,,,0.06666666666666667,,0.6,0.6,,0.6,,2.0,1.0,,,1.0,1.0,,,,,,,,1.0,,1.0,3.0,1.0,,0.5,0.5,,1.0,0.25,,,,0.5,,,,,1.0,,,,,,,,,,,,,,,,,,,,,,,,1610612764,2015,2014-15,False
101162-1718-201196-203490-2400,1610612764,"Marcin Gortat, Paul Pierce, Ramon Sessions, Otto Porter Jr., Drew Gooden","Gortat, Pierce, Sessions, Porter Jr., Gooden",101162-1718-201196-203490-2400,WAS,79.0,1,1.0,-1.0,1.0,1.0,,,2.0,,,,,2.0,3.0,,,,,,,,,2.0,,,,1.0,,,36.45569620253165,28.0,51.0,28.0,38.0,,,,0.3152,,,,,,,,,1.0,1.0,,,2.0,,,,,,1.0,,1.0,,1.0,,,,,,,,,,22.5,1.0,,,,,,,1.0,,,,,,,,,,,,,,1.0,,,,,,1.0,,,,,,,,,,,,,,,,,,,,,,,,,,,,,,,,,,,,,,,,,,,,,1.0,1.0,,,,,,,,,,,,,,,,,,,,,,,,,,,,,,,,,,,,,,,,,,,,,,,,,,,,,,,,,,,,,,,,,,,,,,,,,,,,,,,,,,,,1610612764,2015,2014-15,False
101162-1718-201196-203490-2743,1610612764,"Marcin Gortat, Paul Pierce, Ramon Sessions, Otto Porter Jr., Kris Humphries","Gortat, Pierce, Sessions, Porter Jr., Humphries",101162-1718-201196-203490-2743,WAS,28.0,1,,,1.0,1.0,,,2.0,,,,,,,,,,,,,,,,,,,,,,102.85714285714286,21.0,7.0,21.0,7.0,,,,,,,,,,,,,,,,,,1.0,1.0,1.0,,,1.0,,,,,,1.0,,,,,,,,,,,1.0,,1.0,1.0,,,,,,,,,,,,1.0,1.0,,1.0,,,,,,,,,,,,,,,,,,,,,,,,,,,,,,,,,,,,,,,,,,,,,,,,,,,,,,,,,,,,,,,,,,,,,,,,,,,,,,,,,,,,,,,,,,,,,,,,,,,,,,,,,,,,,,,,,,,,,,,,,,,,,,,,,,,,,,,,,1610612764,2015,2014-15,False
101162-1718-201971-202322-203078,1610612764,"Marcin Gortat, Paul Pierce, DeJuan Blair, John Wall, Bradley Beal","Gortat, Pierce, Blair, Wall, Beal",101162-1718-201971-202322-203078,WAS,101.0,2,2.0,-5.0,3.0,4.0,3.0,2.0,7.0,,,1.0,,3.0,8.0,1.0,,3.0,,,,,,3.0,3.0,3.0,,0.75,0.75,0.5,99.8019801980198,14.0,14.75,14.0,14.75,,,0.5,0.51785,0.51785,1.0,23.0,1.0,,,,,,1.0,,1.0,,1.0,1.0,1.0,1.0,1.0,2.0,,,,0.75,0.75,1.0,,,,,,,,4.8,,1.0,,,,,,,,,,,,,1.0,,,,,,,,,,,,1.0,,1.0,1.0,1.0,1.0,1.0,,,,1.0,,,,1.0,,,3.0,,,,,,,,,,,1.0,1.0,1.0,,,,,,,,,,,,0.5,,,,,,0.5,1.0,1.0,,0.5,1.0,,,,,3.0,,,1.0,1.0,,,1.0,,,,1.0,,,,,,,,,,,,,,,,,,,,,,,,,,,,,,,,,,1.0,,,,,,,,,,,,,,,,,,,,,,,,,,,,1610612764,2015,2014-15,False
101162-1718-201971-202322-2446,1610612764,"Marcin Gortat, Paul Pierce, DeJuan Blair, John Wall, Rasual Butler","Gortat, Pierce, Blair, Wall, Butler",101162-1718-201971-202322-2446,WAS,108.0,1,2.0,4.0,4.0,3.0,4.0,3.0,7.0,,,,2.0,6.0,2.0,,2.0,6.0,,1.0,,2.0,,6.0,6.0,4.0,,0.75,0.75,,93.33333333333333,20.0,9.333333333333334,20.0,9.333333333333334,,,,0.38866666666666666,0.38866666666666666,1.0,,1.0,,,,,2.0,3.0,2.0,3.0,,,,,,,,,0.6666666666666666,0.6666666666666666,0.6666666666666666,0.6666666666666666,,,,,,,0.25,,10.799999999999999,1.0,,,,1.0,1.0,,,1.0,,,,,,,,,,1.0,,,0.3333333333333333,0.25,,,1.0,2.0,1.0,,,,,,,,,,4.0,,2.0,2.0,,1.0,4.0,,1.0,,1.0,,,,,1.0,1.0,,,,,,,,1.0,,,,1.0,,,0.6666666666666666,0.5,0.5,1.0,1.0,1.0,,,,,,,,,,,,,,,,,,,,,,,,,,,1.0,,,1.0,1.0,,,,,,,,,,,,,,,,,,,,,,,,,,,,,,,,,,,,,,,,,,,,,,,,,,,,,1610612764,2015,2014-15,False
101162-1718-202066-202322-202338,1610612764,"Marcin Gortat, Paul Pierce, Garrett Temple, John Wall, Kevin Seraphin","Gortat, Pierce, Temple, Wall, Seraphin",101162-1718-202066-202322-202338,WAS,451.0,2,8.0,-2.0,14.0,13.0,10.0,,27.0,1.0,,2.0,2.0,20.0,22.0,1.0,,14.0,1.0,1.0,,2.0,,16.0,14.0,10.0,,0.625,0.6363636363636364,0.13333333333333333,86.20842572062084,12.642857142857142,21.076923076923077,11.928571428571429,20.0,0.06666666666666667,,0.6666666666666666,0.5920233333333333,0.6162136363636364,0.7,25.15,0.7142857142857143,6.0,8.0,5.0,6.0,9.0,13.0,7.0,10.0,4.0,,,1.0,1.0,1.0,5.0,,0.6923076923076923,0.7,0.6,0.6363636363636364,,0.5333333333333333,0.75,0.8571428571428571,0.5454545454545454,0.8333333333333334,0.0625,,3.9538461538461536,1.0,1.0,3.0,,3.0,6.0,,,1.0,,,,,,0.07692307692307693,0.125,,0.42857142857142855,0.42857142857142855,0.3333333333333333,,0.06666666666666667,0.07142857142857142,3.0,1.0,3.0,4.0,,,1.0,,1.0,,2.0,2.0,4.0,,14.0,,7.0,7.0,5.0,2.0,14.0,3.0,,3.0,,,1.0,,1.0,0.7777777777777778,0.875,,,,1.0,0.6666666666666666,0.6666666666666666,0.75,,0.5,1.0,,,,0.8333333333333334,0.26666666666666666,0.75,0.75,0.6666666666666666,,,0.06666666666666667,,,0.3333333333333333,0.09090909090909091,,0.4994,0.2,,,,,,,,,,,,,,,,,,,,,1.0,,,,,,,,,,,,1.0,,1.0,,,,,1.0,,,0.3333333333333333,,,,,,,,,,1.0,2.0,,,,1.0,,,,,,,,,,,,,,,,,,1610612764,2015,2014-15,False
101162-1718-202066-202322-203490,1610612764,"Marcin Gortat, Paul Pierce, Garrett Temple, John Wall, Otto Porter Jr.","Gortat, Pierce, Temple, Wall, Porter Jr.",101162-1718-202066-202322-203490,WAS,13.0,1,,-3.0,1.0,,1.0,,1.0,,,,,,3.0,,,,,,,,,,,1.0,,,,,110.76923076923076,13.0,,13.0,,,,,,,,,1.0,,,,,,,,,,1.0,1.0,1.0,1.0,,1.0,,,,,,1.0,,,,,,,,,,,,,,,,,,,,,,,,,,,,,,,,,,,,,,,,,,,,,,,,,,,,,,,,,,,,,,,,,,,,,,,,,,,,,,,,,,,,,,,,,,,,,,,,,,,,,,,,,,,,,,,,,,,,,,,,,1.0,,,,,,,,,,,,,,,,,,,,,,,,,,,,,,,,,,,,,,,,,,,,,1610612764,2015,2014-15,False
101162-1718-202066-202322-2400,1610612764,"Marcin Gortat, Paul Pierce, Garrett Temple, John Wall, Drew Gooden","Gortat, Pierce, Temple, Wall, Gooden",101162-1718-202066-202322-2400,WAS,2749.0,10,46.0,2.0,92.0,93.0,23.0,28.0,185.0,11.0,4.0,18.0,21.0,96.0,94.0,5.0,7.0,24.0,11.0,19.0,4.0,27.0,1.0,88.0,24.0,23.0,1.0,0.5714285714285714,0.6,0.2535211267605634,96.90796653328482,13.923913043478262,15.78494623655914,13.434782608695652,15.150537634408602,0.15492957746478872,0.25,0.6056338028169014,0.5338767605633803,0.51973125,0.25,25.011111111111113,0.25,17.0,25.0,3.0,5.0,30.0,53.0,7.0,11.0,20.0,11.0,9.0,15.0,4.0,7.0,15.0,,0.5660377358490566,0.6363636363636364,0.528169014084507,0.53125,0.7333333333333333,0.352112676056338,0.68,0.8095238095238095,0.3125,0.6,0.1566265060240964,,8.09811320754717,17.0,4.0,18.0,1.0,36.0,44.0,2.0,,13.0,4.0,2.0,1.0,4.0,1.0,0.07547169811320754,0.16,1.0,0.6923076923076923,0.7777777777777778,0.6666666666666666,0.8333333333333334,0.23943661971830985,0.2,8.0,4.0,5.0,11.0,8.0,3.0,7.0,1.0,1.0,5.0,1.0,5.0,8.0,1.0,40.0,3.0,20.0,24.0,10.0,4.0,52.0,5.0,17.0,8.0,8.0,7.0,4.0,2.0,1.0,0.6666666666666666,0.6896551724137931,0.2777777777777778,0.2,0.2777777777777778,0.2,0.5,0.5,0.21739130434782608,0.8947368421052632,0.22857142857142856,0.125,0.2222222222222222,0.9375,0.6666666666666666,0.5882352941176471,0.15492957746478872,0.45454545454545453,0.45454545454545453,0.8,0.47058823529411764,0.47058823529411764,0.09859154929577464,0.42857142857142855,0.42857142857142855,0.5,0.0625,1.0,0.5778416666666667,0.08333333333333333,2.0,,12.0,2.0,1.0,4.0,2.0,1.0,,0.8,0.05555555555555555,0.09090909090909091,0.03333333333333333,0.6666666666666666,0.18181818181818182,0.2,,0.18181818181818182,6.0,1.0,0.6363636363636364,0.75,1.0,2.0,0.5,,,1.0,,,,1.0,2.0,2.0,3.0,2.0,3.0,0.6666666666666666,0.25,0.3333333333333333,0.25,1.0,0.25,0.5,1.0,,0.25,,,,,2.0,1.0,2.0,,,,0.25,,,,1.0,1.0,0.125,,,1.0,1.0,1.0,,,,,,,1610612764,2015,2014-15,False
101162-1718-202066-202322-2403,1610612764,"Marcin Gortat, Paul Pierce, Garrett Temple, John Wall, Nene","Gortat, Pierce, Temple, Wall, Nene",101162-1718-202066-202322-2403,WAS,14161.0,27,236.0,44.0,468.0,461.0,96.0,52.0,929.0,66.0,13.0,83.0,78.0,470.0,426.0,16.0,15.0,97.0,66.0,115.0,6.0,107.0,7.0,416.0,97.0,96.0,7.0,0.5212053571428571,0.5,0.20595533498759305,94.46790480898241,14.632478632478632,15.863340563991324,13.784188034188034,15.145336225596528,0.16377171215880892,0.1511627906976744,0.5235732009925558,0.5138363523573202,0.5192127906976745,0.20638297872340425,25.322891566265064,0.20512820512820512,80.0,128.0,21.0,35.0,154.0,320.0,35.0,70.0,112.0,38.0,29.0,84.0,12.0,32.0,83.0,3.0,0.48125,0.5,0.48635235732009924,0.47674418604651164,0.4523809523809524,0.3176178660049628,0.625,0.6779661016949152,0.4069767441860465,0.6,0.1111111111111111,0.03571428571428571,8.9765625,115.0,18.0,120.0,9.0,183.0,244.0,1.0,7.0,46.0,21.0,14.0,6.0,21.0,2.0,0.05625,0.078125,0.9,0.718562874251497,0.7435897435897436,0.6296296296296297,0.7090909090909091,0.2853598014888337,0.12885154061624648,55.0,20.0,29.0,77.0,45.0,7.0,17.0,1.0,3.0,28.0,16.0,39.0,54.0,4.0,196.0,,98.0,126.0,61.0,15.0,280.0,45.0,54.0,61.0,49.0,20.0,46.0,9.0,12.0,0.6363636363636364,0.6577181208053692,0.3373493975903614,0.25,0.3373493975903614,0.41025641025641024,0.43137254901960786,0.47368421052631576,0.2727272727272727,0.8059701492537313,0.2694063926940639,0.3125,0.2318840579710145,0.8235294117647058,0.75,0.7625,0.19106699751861042,0.37662337662337664,0.42028985507246375,0.5172413793103449,0.391304347826087,0.391304347826087,0.04218362282878412,0.4117647058823529,0.4117647058823529,0.39215686274509803,0.03488372093023256,0.3333333333333333,0.5108292682926829,0.1148936170212766,21.0,3.0,84.0,21.0,,28.0,7.0,10.0,4.0,1.0,,,0.04975124378109453,1.0,0.3181818181818182,0.3181818181818182,0.23076923076923078,0.3181818181818182,22.0,9.0,0.8103448275862069,0.4888888888888889,29.0,15.0,0.7142857142857143,8.0,1.0,1.0,,,,4.0,9.0,4.0,12.0,21.0,14.0,0.3333333333333333,0.25925925925925924,0.2916666666666667,0.5,1.0,0.17647058823529413,0.4444444444444444,1.0,10.0,0.20454545454545456,0.1038961038961039,15.0,7.0,,17.0,10.0,10.0,1.0,3.0,5.0,0.5,2.0,0.125,,2.0,3.0,0.058823529411764705,,0.2,,,,2.0,1.0,,,,,1610612764,2015,2014-15,False
101162-1718-202066-202322-2446,1610612764,"Marcin Gortat, Paul Pierce, Garrett Temple, John Wall, Rasual Butler","Gortat, Pierce, Temple, Wall, Butler",101162-1718-202066-202322-2446,WAS,54.0,3,1.0,-1.0,4.0,2.0,2.0,2.0,6.0,1.0,1.0,1.0,1.0,1.0,2.0,1.0,1.0,1.0,1.0,1.0,,2.0,1.0,1.0,1.0,2.0,1.0,0.16666666666666666,0.25,0.5,160.0,10.5,6.0,10.5,6.0,0.5,1.0,1.0,0.547375,0.36795,1.0,26.3,0.5,,1.0,,,,1.0,,,,1.0,1.0,1.0,,,1.0,,,,,,1.0,0.5,,,,,,,1.1,,,1.0,,1.0,1.0,,,,,,,,,,,,1.0,1.0,1.0,,,,,,,,,,,,,,,,,,,,,,,,,,,,,,,,,,,,,,,,,,,,,,,,,,,,,,,,,,,,,,,,,,,,,,,,,,,,,,,,,,,,,,,,,,,,,,,,,,,,,,,,,,,,,,,,,,,,,,,,,,,,,,,,,,,,,,,,,,1610612764,2015,2014-15,False
101162-1718-202066-202322-2743,1610612764,"Marcin Gortat, Paul Pierce, Garrett Temple, John Wall, Kris Humphries","Gortat, Pierce, Temple, Wall, Humphries",101162-1718-202066-202322-2743,WAS,1535.0,10,26.0,-13.0,51.0,52.0,14.0,14.0,103.0,7.0,2.0,8.0,6.0,43.0,56.0,2.0,,13.0,7.0,10.0,2.0,9.0,1.0,37.0,13.0,14.0,,0.4056603773584906,0.4642857142857143,0.16326530612244897,96.62540716612378,15.529411764705882,14.288461538461538,14.156862745098039,13.538461538461538,0.14285714285714285,0.14285714285714285,0.4897959183673469,0.4711214285714286,0.5175214285714286,0.3023255813953488,26.0875,0.27450980392156865,7.0,16.0,3.0,7.0,14.0,41.0,5.0,12.0,12.0,5.0,3.0,9.0,1.0,3.0,10.0,,0.34146341463414637,0.4166666666666667,0.37755102040816324,0.4642857142857143,0.5555555555555556,0.32653061224489793,0.4375,0.4375,0.5,0.42857142857142855,0.07692307692307693,,9.346341463414634,15.0,2.0,9.0,1.0,17.0,28.0,,,4.0,1.0,1.0,,1.0,2.0,0.04878048780487805,,1.0,0.6428571428571429,0.7619047619047619,0.75,0.3333333333333333,0.30612244897959184,0.09090909090909091,9.0,4.0,2.0,10.0,5.0,,1.0,,,3.0,2.0,5.0,6.0,1.0,16.0,,8.0,11.0,4.0,,25.0,9.0,7.0,11.0,2.0,,4.0,2.0,,0.5714285714285714,0.6153846153846154,0.375,0.5,0.375,0.4,0.25,0.3333333333333333,0.3333333333333333,1.0,0.34375,0.3333333333333333,0.3,1.0,,0.5714285714285714,0.20408163265306123,0.2,0.25,,0.3333333333333333,0.3333333333333333,0.02040816326530612,,,0.5,,,0.5557142857142857,0.13953488372093023,3.0,1.0,9.0,3.0,,3.0,,,2.0,1.0,,,,,0.42857142857142855,0.42857142857142855,0.5,0.42857142857142855,4.0,1.0,0.7142857142857143,0.8,2.0,1.0,1.0,,1.0,,,,,,3.0,,3.0,3.0,2.0,,0.4,0.375,1.0,1.0,0.375,,,2.0,0.25,0.2,1.0,1.0,,3.0,2.0,2.0,,,,0.5,,,,,,,,,,,,,,1.0,,,,1610612764,2015,2014-15,False
101162-1718-202066-203078-2743,1610612764,"Marcin Gortat, Paul Pierce, Garrett Temple, Bradley Beal, Kris Humphries","Gortat, Pierce, Temple, Beal, Humphries",101162-1718-202066-203078-2743,WAS,119.0,1,2.0,-3.0,5.0,4.0,5.0,,9.0,,,1.0,2.0,2.0,5.0,1.0,2.0,2.0,,1.0,,2.0,,2.0,2.0,5.0,,0.25,0.25,0.3333333333333333,108.90756302521008,12.0,14.75,11.4,14.75,,,0.6666666666666666,0.5639666666666666,0.5639666666666666,1.0,23.8,1.0,,1.0,,1.0,,2.0,,2.0,,,,,,,2.0,,,,,,,0.3333333333333333,,,0.3333333333333333,,0.25,,6.4,,1.0,,,1.0,1.0,,1.0,1.0,,,,,,0.5,,,,0.5,,,,0.3333333333333333,1.0,,,1.0,,,1.0,,1.0,,,,,,,,,,,,,,1.0,,1.0,1.0,,,,,,,,,,,,,1.0,,,,1.0,,,0.3333333333333333,,,,,,0.3333333333333333,,,,0.3333333333333333,,,,,,,,,,,,,,,,,,,,,,,,,,,,,,,,,,,,,,,,,,,,,,,,,,,1.0,,,,,,,,,,,,,,,,,,,,,,,,,,,,1610612764,2015,2014-15,False
101162-1718-202066-2446-2743,1610612764,"Marcin Gortat, Paul Pierce, Garrett Temple, Rasual Butler, Kris Humphries","Gortat, Pierce, Temple, Butler, Humphries",101162-1718-202066-2446-2743,WAS,131.0,1,2.0,-2.0,4.0,3.0,,,7.0,,,,,4.0,6.0,,,,,,,,,4.0,,,,0.6666666666666666,,,76.94656488549619,13.5,25.666666666666668,13.5,25.666666666666668,,,,0.40476666666666666,,,,,,,,,2.0,3.0,,,4.0,,,1.0,,,2.0,,0.6666666666666666,,0.6666666666666666,,,,,,,,,,9.966666666666667,,1.0,,,1.0,1.0,,,,,,,,,0.3333333333333333,,,,1.0,,,,,,,2.0,3.0,,,,,,,,,,,,,,,,,,,1.0,,,,1.0,,,,,,,,,,,,1.0,,,,1.0,,,1.0,0.6666666666666666,1.0,,,,,,,,,,,,,,,,,,,,,,,,,,,,,,,,,,,,,,,,,,,,,,,,,,,,,,,,,,,0.3333333333333333,,,,,,,,,,,,,,1.0,,,,,,,,,,,,,,1610612764,2015,2014-15,False
101162-1718-202322-202338-203078,1610612764,"Marcin Gortat, Paul Pierce, John Wall, Kevin Seraphin, Bradley Beal","Gortat, Pierce, Wall, Seraphin, Beal",101162-1718-202322-202338-203078,WAS,377.0,2,6.0,-1.0,12.0,12.0,,,24.0,2.0,,2.0,,12.0,13.0,,,,2.0,,,,,12.0,,,,0.5454545454545454,,0.18181818181818182,91.6710875331565,15.666666666666666,15.75,15.666666666666666,15.75,0.18181818181818182,,0.2727272727272727,0.4596272727272728,,,24.6,,,1.0,,,6.0,9.0,,,10.0,,,1.0,,3.0,4.0,,0.6666666666666666,,0.5454545454545454,,,0.09090909090909091,,,,,,,15.399999999999999,5.0,,1.0,1.0,4.0,4.0,,,,,,,,,,,1.0,1.0,1.0,,,0.45454545454545453,,,,2.0,3.0,4.0,,,,,,,,,,2.0,,1.0,1.0,,,2.0,,2.0,,1.0,1.0,1.0,,,0.16666666666666666,0.16666666666666666,,,,,,,,1.0,,,,1.0,1.0,,0.2727272727272727,0.6666666666666666,0.6666666666666666,,0.8,0.8,,,,,,,,,,,,,,,,,,,,,,,,,,,1.0,,1.0,0.25,,,,1.0,,,,,,,,,,,,,,,,,,,,,,,,,,,,,,,,,,,,,,,,,,,,,,,,,,1610612764,2015,2014-15,False
101162-1718-202322-203078-203490,1610612764,"Marcin Gortat, Paul Pierce, John Wall, Bradley Beal, Otto Porter Jr.","Gortat, Pierce, Wall, Beal, Porter Jr.",101162-1718-202322-203078-203490,WAS,267.0,3,4.0,10.0,10.0,8.0,5.0,8.0,18.0,4.0,2.0,4.0,2.0,16.0,6.0,2.0,1.0,3.0,4.0,2.0,,3.0,,16.0,3.0,5.0,,0.8,0.3,0.4444444444444444,97.07865168539325,11.5,19.0,11.5,16.5,0.4444444444444444,0.5,0.8888888888888888,0.48482222222222227,0.4443875,0.1875,25.7,0.5,3.0,4.0,,1.0,4.0,5.0,1.0,2.0,,,,1.0,1.0,,2.0,,0.8,0.5,0.7777777777777778,0.25,,0.4444444444444444,0.75,0.75,0.25,,0.2,,3.8600000000000003,,,3.0,1.0,4.0,5.0,,,2.0,1.0,,1.0,1.0,1.0,,,1.0,0.6,0.5,,0.6666666666666666,,0.3333333333333333,1.0,,1.0,1.0,,,,,,2.0,,,,,8.0,,4.0,6.0,3.0,1.0,14.0,,,1.0,,,1.0,,,1.0,1.0,0.5,,0.5,,,,,,0.3333333333333333,,,,,1.0,0.1111111111111111,1.0,1.0,1.0,,,,,,,,,,,2.0,,6.0,2.0,,2.0,,,1.0,1.0,,,,,0.5,0.5,,0.5,,1.0,1.0,,,1.0,1.0,,,,,,,,,,,2.0,1.0,,0.5,,,1.0,,,,,0.5,,,,,,,,1.0,,,,,,,,,,,,,,,,,,,,,1610612764,2015,2014-15,False
101162-1718-202322-203078-2400,1610612764,"Marcin Gortat, Paul Pierce, John Wall, Bradley Beal, Drew Gooden","Gortat, Pierce, Wall, Beal, Gooden",101162-1718-202322-203078-2400,WAS,4234.0,14,71.0,17.0,134.0,133.0,20.0,16.0,267.0,30.0,3.0,40.0,15.0,147.0,130.0,3.0,6.0,26.0,30.0,23.0,,23.0,2.0,125.0,26.0,20.0,2.0,0.5251798561151079,0.7352941176470589,0.3125,90.80774681152575,14.873134328358208,16.849624060150376,14.119402985074627,16.007518796992482,0.234375,0.23076923076923078,0.546875,0.51448359375,0.4682923076923077,0.17687074829931973,25.669999999999998,0.14925373134328357,21.0,30.0,2.0,2.0,48.0,88.0,7.0,10.0,56.0,6.0,4.0,13.0,4.0,8.0,18.0,,0.5454545454545454,0.7,0.515625,0.7692307692307693,0.46153846153846156,0.234375,0.7,0.8076923076923077,0.15384615384615385,1.0,0.06569343065693431,,9.192045454545456,30.0,7.0,37.0,1.0,53.0,70.0,,2.0,9.0,3.0,3.0,,5.0,1.0,0.07954545454545454,0.13333333333333333,0.5,0.7115384615384616,0.6933333333333334,0.5,0.8125,0.234375,0.09278350515463918,16.0,7.0,16.0,28.0,11.0,,10.0,,,12.0,7.0,11.0,22.0,2.0,40.0,3.0,20.0,31.0,9.0,6.0,73.0,10.0,15.0,17.0,14.0,5.0,7.0,2.0,1.0,0.4166666666666667,0.45454545454545453,0.3,0.6666666666666666,0.3,0.6363636363636364,0.625,0.6176470588235294,0.2564102564102564,0.6521739130434783,0.24242424242424243,0.4444444444444444,0.2222222222222222,0.8235294117647058,0.16666666666666666,0.42857142857142855,0.21875,0.5714285714285714,0.6153846153846154,0.375,0.36666666666666664,0.3793103448275862,0.078125,,,0.4375,,,0.5007045454545455,0.14965986394557823,12.0,2.0,33.0,12.0,,11.0,,,,0.9166666666666666,,,,,0.4,0.4,0.6666666666666666,0.4,5.0,,0.8333333333333334,0.45454545454545453,9.0,2.0,0.4,,,,2.0,1.0,,2.0,4.0,2.0,5.0,11.0,6.0,0.4,0.2222222222222222,0.16666666666666666,0.3,0.9166666666666666,0.25,0.5,1.0,2.0,0.17647058823529413,0.07142857142857142,3.0,3.0,,5.0,4.0,8.0,,,1.0,0.5714285714285714,1.0,0.3333333333333333,0.03333333333333333,,1.0,0.0625,2.0,0.25,,,,,,,1.0,,,1610612764,2015,2014-15,False
101162-1718-202322-203078-2403,1610612764,"Marcin Gortat, Paul Pierce, John Wall, Bradley Beal, Nene","Gortat, Pierce, Wall, Beal, Nene",101162-1718-202322-203078-2403,WAS,35007.0,49,583.0,56.0,1139.0,1134.0,148.0,118.0,2273.0,158.0,24.0,219.0,161.0,1232.0,1176.0,35.0,31.0,168.0,157.0,206.0,7.0,221.0,13.0,1101.0,166.0,147.0,10.0,0.560384263494968,0.535483870967742,0.21921921921921922,93.49901448281771,14.82089552238806,15.984126984126984,14.241439859525899,15.25925925925926,0.15815815815815815,0.17647058823529413,0.5445445445445446,0.5205362086258777,0.5193354477611941,0.13636363636363635,25.222374429223745,0.1299385425812116,210.0,325.0,26.0,46.0,408.0,780.0,46.0,101.0,336.0,89.0,52.0,172.0,17.0,112.0,228.0,1.0,0.5230769230769231,0.45544554455445546,0.536036036036036,0.5036764705882353,0.5174418604651163,0.3253253253253253,0.6461538461538462,0.7216494845360825,0.3382352941176471,0.5652173913043478,0.09722222222222222,0.004545454545454545,9.095641025641026,293.0,48.0,294.0,20.0,438.0,559.0,6.0,19.0,104.0,40.0,27.0,10.0,42.0,5.0,0.06153846153846154,0.10461538461538461,0.8695652173913043,0.7757255936675461,0.7683823529411765,0.6470588235294118,0.8547008547008547,0.2932932932932933,0.12093023255813953,109.0,56.0,61.0,162.0,137.0,19.0,61.0,5.0,11.0,85.0,42.0,73.0,131.0,15.0,480.0,18.0,240.0,319.0,126.0,29.0,717.0,85.0,124.0,121.0,99.0,36.0,83.0,37.0,20.0,0.5882352941176471,0.6233766233766234,0.3881278538812785,0.42857142857142855,0.38990825688073394,0.5753424657534246,0.5757575757575758,0.6121495327102804,0.23160762942779292,0.7515151515151515,0.23541247484909456,0.25217391304347825,0.21428571428571427,0.7555555555555555,0.7333333333333333,0.6,0.16216216216216217,0.3765432098765432,0.40131578947368424,0.47540983606557374,0.46757679180887374,0.4740484429065744,0.06106106106106106,0.3114754098360656,0.3114754098360656,0.5656565656565656,0.08088235294117647,0.45454545454545453,0.5518053333333333,0.10633116883116883,66.0,10.0,237.0,66.0,,79.0,17.0,18.0,15.0,0.9294117647058824,,,0.04,0.8947368421052632,0.4177215189873418,0.4177215189873418,0.4166666666666667,0.42038216560509556,85.0,24.0,0.8,0.6204379562043796,63.0,26.0,0.6190476190476191,15.0,7.0,3.0,2.0,,,6.0,18.0,10.0,26.0,62.0,32.0,0.38461538461538464,0.24615384615384617,0.23469387755102042,0.19047619047619047,0.9393939393939394,0.18181818181818182,0.3333333333333333,1.0,17.0,0.2727272727272727,0.06172839506172839,14.0,13.0,1.0,18.0,30.0,46.0,6.0,8.0,8.0,0.5357142857142857,4.0,0.1111111111111111,0.013651877133105802,4.0,8.0,0.08080808080808081,,0.1,4.0,0.5,0.5,,3.0,,2.0,,,1610612764,2015,2014-15,False
101162-1718-202322-203078-2446,1610612764,"Marcin Gortat, Paul Pierce, John Wall, Bradley Beal, Rasual Butler","Gortat, Pierce, Wall, Beal, Butler",101162-1718-202322-203078-2446,WAS,2153.0,15,36.0,6.0,76.0,70.0,32.0,48.0,146.0,8.0,3.0,14.0,13.0,84.0,78.0,6.0,5.0,35.0,8.0,15.0,,18.0,3.0,75.0,34.0,31.0,2.0,0.5675675675675675,0.5645161290322581,0.208955223880597,97.64979098931724,14.776315789473685,14.714285714285714,14.421052631578947,13.82857142857143,0.11940298507462686,0.10714285714285714,0.6417910447761194,0.5325574626865672,0.5269928571428572,0.4166666666666667,24.50714285714286,0.42105263157894735,22.0,29.0,9.0,11.0,28.0,53.0,12.0,22.0,30.0,9.0,8.0,12.0,5.0,8.0,20.0,1.0,0.5283018867924528,0.5454545454545454,0.5298507462686567,0.5357142857142857,0.75,0.43283582089552236,0.7586206896551724,0.8148148148148148,0.39285714285714285,0.8181818181818182,0.09859154929577464,0.06666666666666667,7.062264150943395,16.0,3.0,14.0,4.0,27.0,38.0,1.0,1.0,6.0,1.0,,1.0,2.0,5.0,0.05660377358490566,0.06896551724137931,1.0,0.5833333333333334,0.6216216216216216,0.3333333333333333,0.7142857142857143,0.23880597014925373,0.10714285714285714,10.0,5.0,1.0,8.0,5.0,2.0,6.0,1.0,3.0,5.0,3.0,8.0,9.0,2.0,26.0,,13.0,18.0,8.0,1.0,41.0,8.0,9.0,11.0,4.0,,3.0,1.0,1.0,0.4642857142857143,0.52,0.35714285714285715,0.3333333333333333,0.35714285714285715,0.375,0.375,0.5,0.34782608695652173,0.6923076923076923,0.34375,0.7142857142857143,0.2222222222222222,0.625,0.8,0.36363636363636365,0.11940298507462686,0.125,0.14285714285714285,1.0,0.3125,0.3125,0.08955223880597014,0.3333333333333333,0.3333333333333333,0.625,0.10714285714285714,0.3333333333333333,0.6033000000000001,0.10714285714285714,3.0,1.0,15.0,3.0,,5.0,2.0,1.0,1.0,1.0,,,0.034482758620689655,1.0,0.375,0.375,0.3333333333333333,0.375,4.0,3.0,0.75,0.8,4.0,1.0,0.5,1.0,,,1.0,1.0,,,,,,3.0,3.0,,0.3333333333333333,0.14285714285714285,0.5,1.0,,,,3.0,0.2,0.125,,,,,3.0,6.0,,,,0.6,,,,,,,,,,,,,,1.0,,,,1610612764,2015,2014-15,False
101162-1718-202322-203078-2743,1610612764,"Marcin Gortat, Paul Pierce, John Wall, Bradley Beal, Kris Humphries","Gortat, Pierce, Wall, Beal, Humphries",101162-1718-202322-203078-2743,WAS,18792.0,31,313.0,1.0,608.0,609.0,101.0,82.0,1217.0,71.0,13.0,98.0,83.0,619.0,618.0,18.0,21.0,109.0,71.0,103.0,3.0,113.0,8.0,549.0,109.0,101.0,7.0,0.5291095890410958,0.5561224489795918,0.18352059925093633,93.25670498084291,15.069078947368421,15.812807881773399,14.307565789473685,14.985221674876847,0.13295880149812733,0.1511627906976744,0.49250936329588013,0.521231086142322,0.5576046511627907,0.17609046849757673,25.229591836734695,0.16611842105263158,109.0,165.0,21.0,33.0,208.0,436.0,32.0,68.0,158.0,57.0,44.0,102.0,16.0,65.0,126.0,2.0,0.47706422018348627,0.47058823529411764,0.50187265917603,0.5116279069767442,0.5588235294117647,0.3089887640449438,0.6606060606060606,0.7785714285714286,0.38372093023255816,0.6363636363636364,0.09027777777777778,0.020202020202020204,9.80756880733945,181.0,29.0,158.0,12.0,227.0,302.0,5.0,10.0,50.0,39.0,22.0,13.0,40.0,9.0,0.06651376146788991,0.15151515151515152,0.9230769230769231,0.7669902912621359,0.7491289198606271,0.6101694915254238,0.7536231884057971,0.3389513108614232,0.10482180293501048,66.0,31.0,34.0,90.0,65.0,11.0,27.0,2.0,5.0,40.0,27.0,45.0,70.0,8.0,258.0,6.0,129.0,167.0,69.0,17.0,372.0,55.0,57.0,75.0,54.0,23.0,45.0,13.0,9.0,0.6201923076923077,0.6548223350253807,0.40816326530612246,0.4444444444444444,0.40816326530612246,0.6,0.5526315789473685,0.5555555555555556,0.24336283185840707,0.7037037037037037,0.2605633802816901,0.4107142857142857,0.19298245614035087,0.6666666666666666,0.8333333333333334,0.6330275229357798,0.16853932584269662,0.37777777777777777,0.38202247191011235,0.5,0.35911602209944754,0.3651685393258427,0.05056179775280899,0.4074074074074074,0.4074074074074074,0.543859649122807,0.05813953488372093,0.4,0.5454978723404256,0.11308562197092084,29.0,6.0,114.0,29.0,1.0,38.0,10.0,4.0,9.0,0.95,0.01020408163265306,0.014084507042253521,0.01568627450980392,0.9090909090909091,0.4084507042253521,0.4142857142857143,0.46153846153846156,0.4084507042253521,43.0,9.0,0.8974358974358975,0.6615384615384615,31.0,22.0,0.55,6.0,5.0,4.0,1.0,1.0,3.0,1.0,8.0,3.0,12.0,28.0,19.0,0.25,0.3275862068965517,0.17857142857142858,0.4375,0.9655172413793104,0.14035087719298245,0.125,1.0,7.0,0.2857142857142857,0.011111111111111112,11.0,8.0,,12.0,22.0,22.0,3.0,1.0,2.0,0.7096774193548387,1.0,0.08333333333333333,0.016574585635359115,3.0,4.0,0.07017543859649122,,0.36363636363636365,2.0,0.5,0.5,1.0,3.0,1.0,,,,1610612764,2015,2014-15,False
101162-1718-202322-203318-2400,1610612764,"Marcin Gortat, Paul Pierce, John Wall, Glen Rice, Drew Gooden","Gortat, Pierce, Wall, Rice, Gooden",101162-1718-202322-203318-2400,WAS,64.0,1,1.0,-2.0,3.0,2.0,3.0,2.0,5.0,,,1.0,1.0,1.0,3.0,1.0,1.0,1.0,,1.0,,2.0,,,1.0,3.0,,0.125,0.125,0.3333333333333333,112.5,12.0,14.0,11.333333333333334,14.0,,,0.3333333333333333,0.4627333333333334,0.4627333333333334,1.0,22.8,1.0,,,,,,2.0,,2.0,,,,,,,,,,,,,,,,,,,0.25,,18.8,2.0,,1.0,,1.0,2.0,,,1.0,,,,,,,,,1.0,1.0,,1.0,0.6666666666666666,0.3333333333333333,1.0,,,,,,1.0,,1.0,,,,1.0,,,,,,,,,1.0,,1.0,,,,,,,,,,,,,0.5,0.5,,0.3333333333333333,,0.5,,,,,,,,,,0.3333333333333333,,,,0.3333333333333333,,,1.0,,,,,,,,,,,,,,,,,,,,,,,,,,,,,,,,,,,,,,,,,,,,,,1.0,,,,,,,,,,,,,,,,,,,,,,,,,,,,,,1610612764,2015,2014-15,False
101162-1718-202322-203318-2403,1610612764,"Marcin Gortat, Paul Pierce, John Wall, Glen Rice, Nene","Gortat, Pierce, Wall, Rice, Nene",101162-1718-202322-203318-2403,WAS,247.0,1,4.0,-4.0,8.0,9.0,,,17.0,,,,,6.0,10.0,,,,,1.0,,,,6.0,,,,0.5,,,99.1093117408907,16.25,13.0,16.25,12.555555555555555,,,,0.40478333333333333,,,,,,,,,3.0,6.0,,,4.0,1.0,,2.0,,2.0,3.0,,0.5,,0.5,,0.5,,,,,,,,14.65,4.0,,1.0,1.0,3.0,3.0,,1.0,,,,,,,,,1.0,0.5,0.6666666666666666,,,0.6666666666666666,,,,1.0,2.0,2.0,,,,,,,,,,2.0,,1.0,1.0,,,2.0,,1.0,,,,1.0,1.0,,0.3333333333333333,0.3333333333333333,,,,,,,,1.0,,,,1.0,,,0.3333333333333333,0.5,0.5,,0.5,0.5,,,,,,,,,,,,,,,,,,,,,,,,,,,1.0,,0.5,0.5,,,,1.0,,,,,,,,,,,,,,,,,,,,,,,,,,,,,,,,,,,,,,,,,,,,,,1.0,,,,1610612764,2015,2014-15,False
101162-1718-202322-203490-2400,1610612764,"Marcin Gortat, Paul Pierce, John Wall, Otto Porter Jr., Drew Gooden","Gortat, Pierce, Wall, Porter Jr., Gooden",101162-1718-202322-203490-2400,WAS,602.0,5,10.0,-2.0,21.0,25.0,1.0,4.0,46.0,2.0,,3.0,8.0,27.0,29.0,,2.0,2.0,2.0,8.0,2.0,10.0,,27.0,2.0,1.0,,0.7105263157894737,1.0,0.2,110.03322259136213,14.476190476190476,11.92,14.476190476190476,11.16,0.13333333333333333,,0.7333333333333333,0.5686699999999999,,0.07407407407407407,24.833333333333332,0.047619047619047616,7.0,8.0,,,8.0,12.0,,,8.0,1.0,,2.0,,2.0,2.0,,0.6666666666666666,,0.6333333333333333,,0.5,0.5333333333333333,0.875,0.875,,,0.3157894736842105,,6.283333333333334,3.0,,4.0,1.0,8.0,8.0,,,6.0,,,,,,,,1.0,0.6666666666666666,0.7,,0.3333333333333333,0.2,0.375,,,,1.0,1.0,,1.0,,,1.0,,,,,8.0,3.0,4.0,4.0,4.0,,8.0,,3.0,,2.0,2.0,1.0,1.0,,0.5,0.5,0.3333333333333333,,0.3333333333333333,,,,,0.75,,,,0.75,,0.5714285714285714,0.06666666666666667,,,,0.3333333333333333,0.3333333333333333,0.06666666666666667,,,,,,,,1.0,,,1.0,,,,,,,,,,,0.5,0.5,,0.5,,2.0,1.0,,,,,,,,,,,,,,,,,,,,,,,,,,,,,,,,,,,,,,,,,,,,,,,,,,1.0,,,,,1610612764,2015,2014-15,False
101162-1718-202322-203490-2403,1610612764,"Marcin Gortat, Paul Pierce, John Wall, Otto Porter Jr., Nene","Gortat, Pierce, Wall, Porter Jr., Nene",101162-1718-202322-203490-2403,WAS,3469.0,8,58.0,1.0,117.0,117.0,17.0,8.0,234.0,14.0,4.0,19.0,18.0,129.0,128.0,4.0,2.0,17.0,14.0,22.0,1.0,25.0,1.0,111.0,17.0,17.0,1.0,0.5863636363636363,0.53125,0.19387755102040816,97.13462092822138,13.324786324786325,16.324786324786324,12.777777777777779,15.803418803418804,0.14285714285714285,0.2857142857142857,0.6836734693877551,0.5539647959183673,0.5566357142857143,0.13178294573643412,25.326315789473682,0.1452991452991453,36.0,48.0,4.0,7.0,51.0,79.0,6.0,10.0,44.0,11.0,8.0,23.0,3.0,12.0,21.0,,0.6455696202531646,0.6,0.5663265306122449,0.5357142857142857,0.4782608695652174,0.4897959183673469,0.75,0.8181818181818182,0.5,0.5714285714285714,0.11009174311926606,,6.068354430379746,17.0,5.0,23.0,3.0,40.0,55.0,3.0,1.0,12.0,3.0,3.0,,3.0,,0.06329113924050633,0.08333333333333333,1.0,0.7931034482758621,0.7708333333333334,1.0,0.7,0.17346938775510204,0.13333333333333333,12.0,7.0,6.0,14.0,9.0,,5.0,,,3.0,7.0,9.0,18.0,1.0,58.0,3.0,29.0,31.0,18.0,3.0,64.0,9.0,14.0,15.0,15.0,3.0,12.0,3.0,3.0,0.5686274509803921,0.6170212765957447,0.15789473684210525,0.25,0.15789473684210525,0.7777777777777778,0.7083333333333334,0.6923076923076923,0.3333333333333333,0.7368421052631579,0.32558139534883723,0.5454545454545454,0.125,0.75,0.6666666666666666,0.5,0.14285714285714285,0.42857142857142855,0.46153846153846156,0.5,0.5294117647058824,0.5294117647058824,0.05102040816326531,,,0.5833333333333334,,,0.53645,0.13953488372093023,3.0,1.0,6.0,3.0,,2.0,,2.0,2.0,0.6666666666666666,,,0.05263157894736842,,0.21428571428571427,0.21428571428571427,0.25,0.21428571428571427,8.0,1.0,0.7692307692307693,0.8888888888888888,12.0,3.0,1.0,,1.0,,,,,1.0,3.0,1.0,3.0,2.0,5.0,0.3333333333333333,0.3125,0.25,0.2,0.6666666666666666,0.25,0.3333333333333333,1.0,1.0,0.36363636363636365,0.07142857142857142,1.0,1.0,,5.0,6.0,8.0,2.0,,,0.8571428571428571,1.0,0.5,,,,,,,,,,,,,,,,1610612764,2015,2014-15,False
101162-1718-202322-203490-2446,1610612764,"Marcin Gortat, Paul Pierce, John Wall, Otto Porter Jr., Rasual Butler","Gortat, Pierce, Wall, Porter Jr., Butler",101162-1718-202322-203490-2446,WAS,51.0,1,1.0,-4.0,1.0,2.0,,,3.0,,,1.0,,,4.0,,,,,,,,,,,,,,,1.0,84.70588235294117,25.0,13.0,25.0,13.0,,,1.0,0.59865,,,23.5,,,,,,,,,,,,,,,,,,,,,,,,,,,,,,,,,,,,,,,,,,,,,,,,,,,,,,,,,,,,1.0,,,,,,,,,,,,,,,,,,,,,,,,,,,,,,,,,,,,,,,,,,,,,1.0,,,,,,,,,,,,,,,,,,,,,,,,,,,,,,,,,,,,,,,,,,,,,,,,,,,,,,,,,,,,,,,,,,,,,,,,,,,,,,,,,,,1610612764,2015,2014-15,False
101162-1718-202322-203490-2743,1610612764,"Marcin Gortat, Paul Pierce, John Wall, Otto Porter Jr., Kris Humphries","Gortat, Pierce, Wall, Porter Jr., Humphries",101162-1718-202322-203490-2743,WAS,245.0,3,4.0,,8.0,9.0,5.0,2.0,17.0,,,,,10.0,10.0,,,8.0,,,,,,8.0,8.0,5.0,,0.5,0.6666666666666666,,99.91836734693878,15.25,13.666666666666666,14.625,11.666666666666666,,,0.4,0.49749999999999994,0.5126499999999999,0.8,,0.625,3.0,4.0,2.0,3.0,5.0,10.0,4.0,6.0,4.0,1.0,1.0,1.0,1.0,2.0,3.0,,0.5,0.6666666666666666,0.5,0.6666666666666666,1.0,0.4,0.75,0.75,0.5,0.6666666666666666,,,10.02,5.0,1.0,,,3.0,6.0,,1.0,,,,,,1.0,0.1,,,,0.6,,,0.5,,2.0,2.0,1.0,1.0,1.0,,,,,,1.0,3.0,2.0,,6.0,,3.0,3.0,2.0,,6.0,3.0,3.0,3.0,,,,,,0.6,0.75,,,,0.3333333333333333,0.3333333333333333,0.3333333333333333,0.6,0.75,0.6,1.0,0.5,0.75,,0.6666666666666666,0.1,1.0,1.0,,0.2,0.25,,,,0.6666666666666666,,,0.5102333333333333,0.2,,,,,,,,,,,,,,,,,,,1.0,,,1.0,,,,,,,,,,,,,,,,,,,,,,,,,,,,,,,1.0,2.0,,,,0.5,,,0.2,,,,,,,,,,,,,,,1610612764,2015,2014-15,False
101162-1718-202322-2400-2446,1610612764,"Marcin Gortat, Paul Pierce, John Wall, Drew Gooden, Rasual Butler","Gortat, Pierce, Wall, Gooden, Butler",101162-1718-202322-2400-2446,WAS,657.0,5,11.0,-19.0,19.0,21.0,10.0,10.0,40.0,1.0,,2.0,4.0,14.0,33.0,,2.0,6.0,1.0,6.0,,6.0,2.0,12.0,6.0,10.0,2.0,0.3888888888888889,0.3,0.13333333333333333,87.67123287671234,19.157894736842106,13.952380952380953,18.894736842105264,13.857142857142858,0.06666666666666667,,0.2,0.40009,0.3805,0.42857142857142855,24.2,0.5263157894736842,1.0,1.0,1.0,1.0,5.0,13.0,2.0,8.0,6.0,3.0,3.0,4.0,1.0,1.0,5.0,,0.38461538461538464,0.25,0.3333333333333333,0.25,0.75,0.06666666666666667,1.0,1.0,0.125,1.0,0.0625,,14.176923076923078,8.0,,4.0,,5.0,6.0,,1.0,1.0,1.0,,1.0,1.0,2.0,,,,0.6666666666666666,0.7142857142857143,,1.0,0.5333333333333333,0.07142857142857142,1.0,,2.0,4.0,2.0,,1.0,,,,1.0,1.0,2.0,,4.0,,2.0,2.0,1.0,,4.0,1.0,1.0,1.0,1.0,,1.0,,,0.4,0.4,,,,1.0,1.0,1.0,0.14285714285714285,1.0,0.125,,0.16666666666666666,1.0,,1.0,0.26666666666666666,0.5,0.5,,0.25,0.25,0.06666666666666667,,,,,,0.4039,0.14285714285714285,,,,,,,,,,,,,,,,,,,1.0,,1.0,0.5,1.0,1.0,1.0,,,,,,,,,,,,,,,,,,,,,,,,,2.0,,,,,,,,,,,,,,,,,,,,,,,,,,1610612764,2015,2014-15,False
101162-1718-202322-2403-2446,1610612764,"Marcin Gortat, Paul Pierce, John Wall, Nene, Rasual Butler","Gortat, Pierce, Wall, Nene, Butler",101162-1718-202322-2403-2446,WAS,2193.0,17,37.0,24.0,72.0,67.0,25.0,30.0,139.0,7.0,1.0,14.0,18.0,81.0,57.0,5.0,11.0,29.0,7.0,14.0,,19.0,1.0,73.0,29.0,25.0,1.0,0.5704225352112676,0.58,0.2222222222222222,91.27222982216144,14.125,17.55223880597015,13.319444444444445,16.134328358208954,0.1111111111111111,0.05,0.5555555555555556,0.5197865079365079,0.522895,0.35802469135802467,24.821428571428577,0.3472222222222222,12.0,21.0,2.0,6.0,24.0,49.0,6.0,15.0,22.0,5.0,4.0,9.0,3.0,5.0,13.0,,0.4897959183673469,0.4,0.5,0.45,0.5555555555555556,0.3333333333333333,0.5714285714285714,0.7058823529411765,0.3,0.3333333333333333,0.14285714285714285,,8.904081632653062,18.0,5.0,18.0,3.0,32.0,40.0,,1.0,10.0,7.0,6.0,,7.0,,0.10204081632653061,0.19047619047619047,1.0,0.6923076923076923,0.7073170731707317,0.4166666666666667,0.6666666666666666,0.2857142857142857,0.17857142857142858,9.0,7.0,4.0,10.0,8.0,2.0,7.0,1.0,4.0,5.0,4.0,9.0,8.0,2.0,26.0,,13.0,18.0,7.0,3.0,41.0,5.0,11.0,8.0,2.0,1.0,4.0,1.0,2.0,0.5416666666666666,0.5909090909090909,0.35714285714285715,0.4,0.35714285714285715,0.4444444444444444,0.4444444444444444,0.4444444444444444,0.2,0.7333333333333333,0.23529411764705882,0.2222222222222222,0.1,0.7,0.8,0.5833333333333334,0.15873015873015872,0.4,0.4444444444444444,0.75,0.4444444444444444,0.4444444444444444,0.1111111111111111,0.2857142857142857,0.2857142857142857,0.7777777777777778,0.2,0.25,0.5421,0.09876543209876543,3.0,1.0,15.0,3.0,,5.0,2.0,2.0,,1.0,,,0.06896551724137931,1.0,0.42857142857142855,0.42857142857142855,1.0,0.42857142857142855,3.0,3.0,1.0,0.375,1.0,3.0,0.42857142857142855,,1.0,1.0,,,,,,,,3.0,3.0,,0.3333333333333333,0.3333333333333333,0.4,1.0,,,,,0.25,0.1,2.0,,,1.0,3.0,4.0,,,,0.42857142857142855,,,,,,,,0.3333333333333333,,,,,,,,,,1610612764,2015,2014-15,False
101162-1718-202322-2446-2743,1610612764,"Marcin Gortat, Paul Pierce, John Wall, Rasual Butler, Kris Humphries","Gortat, Pierce, Wall, Butler, Humphries",101162-1718-202322-2446-2743,WAS,1991.0,12,33.0,6.0,67.0,65.0,15.0,27.0,132.0,9.0,4.0,12.0,16.0,75.0,69.0,4.0,6.0,20.0,9.0,15.0,,22.0,2.0,67.0,20.0,15.0,1.0,0.5441176470588235,0.625,0.20689655172413793,95.46961325966852,15.059701492537313,15.107692307692307,14.522388059701493,14.461538461538462,0.15517241379310345,0.3333333333333333,0.5172413793103449,0.49583448275862074,0.5326000000000001,0.26666666666666666,25.391666666666666,0.22388059701492538,11.0,18.0,1.0,4.0,22.0,46.0,4.0,8.0,16.0,6.0,3.0,8.0,,8.0,9.0,,0.4782608695652174,0.5,0.5086206896551724,0.5833333333333334,0.75,0.3103448275862069,0.6111111111111112,0.7333333333333333,0.3333333333333333,0.25,0.13636363636363635,,10.371739130434783,20.0,3.0,17.0,3.0,28.0,36.0,,,9.0,3.0,2.0,1.0,4.0,1.0,0.06521739130434782,0.16666666666666666,1.0,0.7727272727272727,0.7352941176470589,0.8,0.6666666666666666,0.3448275862068966,0.16666666666666666,6.0,4.0,4.0,8.0,7.0,1.0,3.0,,,5.0,3.0,6.0,8.0,2.0,28.0,3.0,14.0,18.0,8.0,2.0,40.0,6.0,8.0,8.0,1.0,1.0,2.0,3.0,,0.6363636363636364,0.6363636363636364,0.4166666666666667,0.5,0.4166666666666667,0.5,0.42857142857142855,0.5,0.25,0.6666666666666666,0.25806451612903225,0.2857142857142857,0.23076923076923078,0.75,0.5,0.7272727272727273,0.13793103448275862,0.5,0.5,0.5,0.35,0.35,0.05172413793103448,0.3333333333333333,0.3333333333333333,0.5714285714285714,,,0.5419583333333333,0.10666666666666667,4.0,2.0,12.0,4.0,,4.0,1.0,2.0,,0.8,,,0.07142857142857142,1.0,0.4444444444444444,0.4444444444444444,0.5,0.4444444444444444,4.0,1.0,0.7777777777777778,0.5714285714285714,,4.0,1.0,,2.0,,1.0,1.0,,,,,1.0,3.0,2.0,,0.2857142857142857,0.25,,0.75,,,,2.0,0.4,,1.0,,,,2.0,,,,1.0,0.5,,,,,1.0,0.14285714285714285,,,,,,,,,,,,1610612764,2015,2014-15,False
101162-1889-202066-203490-2400,1610612764,"Marcin Gortat, Andre Miller, Garrett Temple, Otto Porter Jr., Drew Gooden","Gortat, Miller, Temple, Porter Jr., Gooden",101162-1889-202066-203490-2400,WAS,283.0,2,5.0,-2.0,9.0,9.0,1.0,1.0,18.0,1.0,1.0,1.0,,6.0,8.0,1.0,,,1.0,1.0,,,,6.0,,1.0,,0.5,,0.16666666666666666,91.59010600706713,19.77777777777778,11.666666666666666,17.77777777777778,11.666666666666666,0.16666666666666666,1.0,0.16666666666666666,0.4180916666666667,0.51765,,25.5,0.1111111111111111,,,,,3.0,5.0,,,2.0,3.0,3.0,4.0,1.0,1.0,2.0,,0.6,,0.5,,0.75,,,,,,,,17.98,4.0,,4.0,,4.0,5.0,,,,2.0,,2.0,2.0,,,,,0.8,0.8,,0.6666666666666666,0.6666666666666666,,1.0,,1.0,1.0,2.0,,,,,,,,,,4.0,,2.0,2.0,,1.0,4.0,,,1.0,,,1.0,,,0.6666666666666666,0.6666666666666666,,,,,,,,,0.3333333333333333,,,,,,0.16666666666666666,1.0,1.0,1.0,0.5,0.5,,,,,,,,,,,,,,,,,1.0,,,,,,,,,,1.0,,1.0,0.5,,1.0,0.5,,,,,,,,,,,,1.0,,1.0,,,,,,,,1.0,,1.0,,,,,,1.0,,,,,,,,,,1.0,,,,,,,,,,,1610612764,2015,2014-15,False
101162-1889-202066-2446-2743,1610612764,"Marcin Gortat, Andre Miller, Garrett Temple, Rasual Butler, Kris Humphries","Gortat, Miller, Temple, Butler, Humphries",101162-1889-202066-2446-2743,WAS,47.0,1,1.0,-1.0,1.0,2.0,1.0,2.0,3.0,,,,,,1.0,,,,,,,,,,,1.0,,,,,91.91489361702128,23.0,12.0,23.0,11.0,,,,0.3383,0.3383,,,1.0,,,,,,1.0,,1.0,,,,,,1.0,1.0,,,,,,,,,,,,,,10.1,,,,,,,,,,,,,,,,,,,,,,,,,,,1.0,,,,,,,,,,,,,,,,,,,,,,,,,,,,,,,,,,,,,,,,,,1.0,,,,,,,,,,,,,,,,,,,,,,,,,,,,,,,,,,,,,,,,,,,,,,,,,,,,,,,,,,,,,,,,,,,,,,,,,,,,,,,,,,,,,,,,,1610612764,2015,2014-15,False
101162-1889-203078-203490-2743,1610612764,"Marcin Gortat, Andre Miller, Bradley Beal, Otto Porter Jr., Kris Humphries","Gortat, Miller, Beal, Porter Jr., Humphries",101162-1889-203078-203490-2743,WAS,184.0,1,3.0,,8.0,7.0,4.0,7.0,15.0,,,,2.0,8.0,8.0,,2.0,6.0,,1.0,,2.0,1.0,8.0,6.0,4.0,1.0,0.5714285714285714,1.0,,117.39130434782608,11.875,12.714285714285714,11.75,12.571428571428571,,,0.5,0.44635,0.3534,0.75,,0.5,2.0,3.0,1.0,1.0,3.0,6.0,2.0,2.0,2.0,,,,,1.0,2.0,,0.5,1.0,0.5,1.0,,0.5,0.6666666666666666,1.0,0.5,1.0,,,9.083333333333334,2.0,1.0,2.0,,2.0,2.0,,,,1.0,,,1.0,1.0,0.16666666666666666,0.3333333333333333,,0.6666666666666666,0.6666666666666666,,1.0,0.3333333333333333,,1.0,,,1.0,1.0,,,,,,,,,,4.0,,2.0,2.0,1.0,,4.0,,,,,,,,,0.6666666666666666,0.6666666666666666,,,,,,,,,,,,,,0.5,0.16666666666666666,,,,0.5,0.5,,,,,,,,,,,,,,,,,,,,,,,,,,,1.0,,1.0,1.0,,1.0,1.0,,,1.0,,,,,,,,,,,,,,,,,,,,,,1.0,,,,,,,,,,,,,,,,,,,,,,,,,,1610612764,2015,2014-15,False
101162-1889-203078-2403-2446,1610612764,"Marcin Gortat, Andre Miller, Bradley Beal, Nene, Rasual Butler","Gortat, Miller, Beal, Nene, Butler",101162-1889-203078-2403-2446,WAS,196.0,4,3.0,2.0,6.0,7.0,3.0,4.0,13.0,,,,1.0,7.0,5.0,,,4.0,,1.0,,2.0,,7.0,4.0,3.0,,0.5,0.6666666666666666,,95.51020408163265,16.166666666666668,14.142857142857142,15.333333333333334,14.142857142857142,,,0.5,0.596,0.6597666666666667,0.5714285714285714,,0.5,3.0,3.0,2.0,2.0,3.0,6.0,2.0,3.0,,,,,,,1.0,,0.5,0.6666666666666666,0.5,0.6666666666666666,,0.5,1.0,1.0,0.6666666666666666,1.0,0.14285714285714285,,7.45,2.0,,2.0,,3.0,4.0,,,1.0,,,,,1.0,,,,1.0,1.0,,,0.3333333333333333,0.14285714285714285,1.0,,,1.0,,,,,,,,1.0,,,6.0,,3.0,3.0,3.0,,6.0,1.0,1.0,1.0,,,,,,1.0,1.0,,,,,,,0.3333333333333333,1.0,0.3333333333333333,,0.5,1.0,,1.0,0.16666666666666666,,,,,,,,,,,,0.4372,,,,,,,,,,,,,,,,,,,,,,1.0,,,,,,,,,,,,,,,,,,,,,,,,,,,,,,,,,,,,,,,,,,,,,,,,,,,,,,,1610612764,2015,2014-15,False
101162-1889-203078-2446-2743,1610612764,"Marcin Gortat, Andre Miller, Bradley Beal, Rasual Butler, Kris Humphries","Gortat, Miller, Beal, Butler, Humphries",101162-1889-203078-2446-2743,WAS,380.0,4,6.0,1.0,14.0,14.0,6.0,12.0,28.0,,,1.0,5.0,18.0,17.0,1.0,5.0,10.0,,3.0,,5.0,2.0,18.0,10.0,6.0,2.0,0.7083333333333334,0.75,0.1,106.10526315789474,12.5,14.642857142857142,12.5,12.928571428571429,,,0.3,0.45156999999999997,0.5129,0.5555555555555556,23.5,0.42857142857142855,2.0,2.0,1.0,1.0,5.0,9.0,1.0,3.0,6.0,2.0,,2.0,,2.0,3.0,,0.5555555555555556,0.3333333333333333,0.65,0.625,1.0,0.2,1.0,1.0,0.25,1.0,,,9.922222222222222,2.0,1.0,5.0,,5.0,5.0,,,,,,,,1.0,0.1111111111111111,,,0.8333333333333334,0.7142857142857143,1.0,1.0,0.2,,,,2.0,5.0,1.0,1.0,1.0,1.0,1.0,1.0,,,,1.0,4.0,,2.0,3.0,1.0,1.0,7.0,,,,,,,2.0,,0.4,0.4,1.0,1.0,1.0,,,,,,,,,,,0.5,0.5,0.4,0.5,0.5,0.5,0.5,0.1,1.0,1.0,,0.25,1.0,,,,,3.0,,,1.0,1.0,,,1.0,,,,1.0,,,,,,,0.5,,,,,,,,,,,,,,,,,,,,,,,,,,,0.2,1.0,1.0,,,,,,,1.0,,,,,,,,,,,,,,,,,,,1610612764,2015,2014-15,False
101162-1889-203318-203490-2400,1610612764,"Marcin Gortat, Andre Miller, Glen Rice, Otto Porter Jr., Drew Gooden","Gortat, Miller, Rice, Porter Jr., Gooden",101162-1889-203318-203490-2400,WAS,43.0,1,1.0,-1.0,1.0,,,,1.0,,,,,,1.0,,,,,,,,,,,,,,,,33.48837209302326,25.0,,25.0,,,,,0.3911,,,,,,,,,,1.0,,,,,,,,1.0,1.0,,,,,,,,,,,,,,11.9,,,,,,,,,,,,,,,,,,,,,,,,,,,1.0,,,,,,,,,,,,,,,,,,,,,,,,,,,,,,,,,,,,,,,,,,1.0,,,,,,,,,,,,,,,,,,,,,,,,,,,,,,,,,,,,,,,,,,,,,,,,,,,,,,,,,,,,,,,,,,,,,,,,,,,,,,,,,,,,,,,,,1610612764,2015,2014-15,False
101162-1889-203490-2400-2446,1610612764,"Marcin Gortat, Andre Miller, Otto Porter Jr., Drew Gooden, Rasual Butler","Gortat, Miller, Porter Jr., Gooden, Butler",101162-1889-203490-2400-2446,WAS,459.0,1,8.0,,13.0,14.0,3.0,6.0,27.0,3.0,,3.0,2.0,15.0,15.0,,2.0,4.0,3.0,1.0,,2.0,1.0,11.0,4.0,3.0,1.0,0.4166666666666667,0.6666666666666666,0.17647058823529413,84.70588235294117,19.153846153846153,15.0,17.923076923076923,14.785714285714286,0.17647058823529413,,0.7058823529411765,0.536420588235294,0.32315,0.26666666666666666,25.400000000000002,0.23076923076923078,4.0,9.0,,,5.0,14.0,1.0,2.0,6.0,,,,,4.0,5.0,,0.35714285714285715,0.5,0.38235294117647056,0.5,,0.5294117647058824,0.4444444444444444,0.4444444444444444,,,,,5.542857142857143,2.0,,3.0,2.0,6.0,11.0,,,,,,,,,,,1.0,0.75,0.8,,1.0,0.11764705882352941,,4.0,5.0,1.0,3.0,,,,,,1.0,2.0,5.0,4.0,,4.0,,2.0,3.0,2.0,,7.0,4.0,1.0,5.0,1.0,1.0,,,,0.4,0.5,0.3333333333333333,,0.3333333333333333,0.4,0.4,0.4,0.4444444444444444,1.0,0.45454545454545453,0.6,,,1.0,0.5,0.17647058823529413,0.3333333333333333,0.3333333333333333,,,,,,,1.0,,,0.577325,0.26666666666666666,1.0,,3.0,1.0,,1.0,,3.0,,1.0,,,0.2727272727272727,,0.3333333333333333,0.3333333333333333,,0.3333333333333333,,,1.0,,,,,,,,,,,,,,,1.0,1.0,,0.5,0.5,,1.0,,,,,0.5,,,1.0,,,2.0,2.0,,,,0.4,,,,,,,,,,,,,,,,,,1610612764,2015,2014-15,False
101162-1889-203490-2403-2446,1610612764,"Marcin Gortat, Andre Miller, Otto Porter Jr., Nene, Rasual Butler","Gortat, Miller, Porter Jr., Nene, Butler",101162-1889-203490-2403-2446,WAS,328.0,3,5.0,-5.0,8.0,10.0,4.0,6.0,18.0,,,,3.0,9.0,14.0,,1.0,5.0,,2.0,,4.0,1.0,9.0,5.0,4.0,1.0,0.5625,0.625,,79.02439024390243,22.25,15.0,22.25,13.9,,,,0.3723666666666667,0.38913333333333333,0.5555555555555556,,0.5,,,,,3.0,6.0,2.0,3.0,6.0,,,,,,1.0,,0.5,0.6666666666666666,0.5,0.6666666666666666,,,,,,,0.14285714285714285,,13.983333333333334,4.0,,2.0,,2.0,2.0,,,1.0,,,,,,,,,1.0,0.6666666666666666,,1.0,0.6666666666666666,0.14285714285714285,,,1.0,2.0,2.0,,,,,,,,,,,,,,,,,,,,1.0,,,,,,,,,,,,,,,,,,,,,0.3333333333333333,0.5,0.5,,0.5,0.5,,,,,,,,,,,,,,,,,,,,,,,,,,,,,1.0,,1.0,,,,,,,,,,,,,,,,,,,,,,,,,,,,,,,,,,,,,,,,,,,,,,,,,,,,,1610612764,2015,2014-15,False
101162-1889-203490-2446-2743,1610612764,"Marcin Gortat, Andre Miller, Otto Porter Jr., Rasual Butler, Kris Humphries","Gortat, Miller, Porter Jr., Butler, Humphries",101162-1889-203490-2446-2743,WAS,555.0,5,9.0,3.0,17.0,17.0,3.0,6.0,34.0,,,,2.0,20.0,17.0,,,4.0,,3.0,,4.0,,18.0,4.0,3.0,,0.625,1.0,,88.21621621621621,15.470588235294118,17.176470588235293,15.0,16.0,,,0.4,0.45619333333333334,0.3735,0.2,,0.17647058823529413,5.0,6.0,1.0,1.0,9.0,15.0,2.0,2.0,6.0,3.0,2.0,4.0,1.0,1.0,3.0,,0.6,1.0,0.6,1.0,0.75,0.4,0.8333333333333334,1.0,0.5,1.0,0.1875,,8.993333333333334,5.0,1.0,3.0,,6.0,8.0,,,3.0,1.0,1.0,,1.0,,0.06666666666666667,0.16666666666666666,,0.5,0.6666666666666666,1.0,0.3333333333333333,0.3333333333333333,0.1875,2.0,1.0,2.0,4.0,2.0,,,,,,1.0,1.0,2.0,,12.0,,6.0,6.0,4.0,,12.0,2.0,3.0,2.0,1.0,,1.0,1.0,1.0,0.6666666666666666,0.75,,,,1.0,1.0,1.0,0.3333333333333333,1.0,0.3333333333333333,,0.6666666666666666,1.0,1.0,0.8,0.26666666666666666,0.5,0.5,,0.4,0.4,,,,1.0,,,0.6216,0.1,,,,,,,,,1.0,,,,,,,,,,2.0,2.0,0.5,1.0,1.0,1.0,1.0,,,,,,,,,,,,,,,,,,,,,,,,,,,,1.0,2.0,,,,1.0,,,,,,,,,,,,,,,,,,1610612764,2015,2014-15,False
101162-201196-201971-202322-2446,1610612764,"Marcin Gortat, Ramon Sessions, DeJuan Blair, John Wall, Rasual Butler","Gortat, Sessions, Blair, Wall, Butler",101162-201196-201971-202322-2446,WAS,184.0,1,3.0,4.0,6.0,5.0,,,11.0,1.0,,3.0,,7.0,3.0,,,,1.0,,,,,5.0,,,,0.4375,,0.375,86.08695652173913,15.833333333333334,17.8,13.166666666666666,16.6,0.125,,0.625,0.50285,,,25.266666666666666,,1.0,2.0,,,2.0,5.0,,,,,,,,1.0,1.0,,0.4,,0.4375,,,0.25,0.5,0.5,,,,,10.84,3.0,,3.0,,3.0,5.0,,,,,,,,,,,,0.75,0.75,1.0,0.5,0.375,,2.0,1.0,,,1.0,1.0,2.0,,,1.0,1.0,2.0,2.0,,4.0,,2.0,3.0,1.0,,7.0,2.0,,2.0,,,,,,1.0,1.0,0.3333333333333333,,0.3333333333333333,0.5,0.5,0.5,0.6666666666666666,,0.4,,1.0,,,1.0,,,,,0.3333333333333333,0.3333333333333333,0.25,0.5,0.5,0.5,,,0.42585,0.2857142857142857,,,3.0,,,1.0,1.0,,,1.0,,,,1.0,,,,,1.0,,1.0,1.0,,,,,,,,,,,,,,,,,,,,,,,,,,,,,,,,,,,,,,,,,,,,,,,,,,,,,,1610612764,2015,2014-15,False
101162-201196-201971-203078-203490,1610612764,"Marcin Gortat, Ramon Sessions, DeJuan Blair, Bradley Beal, Otto Porter Jr.","Gortat, Sessions, Blair, Beal, Porter Jr.",101162-201196-201971-203078-203490,WAS,99.0,1,2.0,4.0,4.0,3.0,1.0,,7.0,,,,2.0,4.0,,,,,,2.0,,3.0,,4.0,,1.0,,1.0,,,101.81818181818183,9.5,20.333333333333332,9.5,13.333333333333334,,,1.0,0.6026,,,,0.25,1.0,1.0,,,1.0,1.0,,,,1.0,,1.0,,,,,1.0,,1.0,,1.0,1.0,1.0,1.0,,,1.0,,1.9,,,2.0,,2.0,2.0,,,2.0,,,,,,,,,0.6666666666666666,0.5,1.0,,,1.0,,,,,,,,,,,,,,,2.0,,1.0,1.0,1.0,,2.0,,,,1.0,1.0,,1.0,,1.0,1.0,,,,,,,,,,,,,,1.0,,,,,,,,,,,,,,,,,,,,,,,,,,,,,,,,,,1.0,1.0,,,,,,,,,,,,,,,,,,,,,,,,,,,,,,,,,,,,,,,,,,,,,,,,,,,,,,,1610612764,2015,2014-15,False
101162-201196-201971-203078-2446,1610612764,"Marcin Gortat, Ramon Sessions, DeJuan Blair, Bradley Beal, Rasual Butler","Gortat, Sessions, Blair, Beal, Butler",101162-201196-201971-203078-2446,WAS,180.0,1,3.0,8.0,7.0,7.0,,,14.0,1.0,,1.0,3.0,8.0,,,,,1.0,2.0,,3.0,1.0,8.0,,,,0.5833333333333334,,0.2,112.0,10.714285714285714,15.0,10.285714285714286,14.285714285714286,0.2,,0.6,0.47352,,,26.7,,1.0,2.0,,,1.0,4.0,,,,1.0,1.0,2.0,,1.0,2.0,,0.25,,0.5,,0.5,0.4,0.5,0.5,,,,,10.925,2.0,,4.0,1.0,6.0,7.0,,,,1.0,1.0,,1.0,,,,1.0,0.8,0.8333333333333334,0.6666666666666666,1.0,0.4,,1.0,1.0,,,,,,,,1.0,,1.0,,,2.0,,1.0,2.0,1.0,,5.0,1.0,1.0,1.0,1.0,,1.0,,,1.0,1.0,1.0,,1.0,,,,0.3333333333333333,1.0,0.3333333333333333,,0.5,1.0,,1.0,,,,,,,,,,1.0,,,0.4409,,1.0,,3.0,1.0,,1.0,,,,1.0,,,,,1.0,1.0,,1.0,,,1.0,,1.0,,,,,,,,,,,,,1.0,,,,,,1.0,,,,,,,,,,,,,1.0,,1.0,,,,,,,,,,,,,,,,,,,1610612764,2015,2014-15,False
101162-201196-202066-202338-203490,1610612764,"Marcin Gortat, Ramon Sessions, Garrett Temple, Kevin Seraphin, Otto Porter Jr.","Gortat, Sessions, Temple, Seraphin, Porter Jr.",101162-201196-202066-202338-203490,WAS,97.0,1,2.0,-6.0,3.0,3.0,3.0,2.0,6.0,,,,,2.0,8.0,,,2.0,,,,,,2.0,2.0,3.0,,0.5,0.5,,89.0721649484536,16.0,16.333333333333332,16.0,14.333333333333334,,,0.5,0.5174,0.5174,1.0,,1.0,1.0,1.0,1.0,1.0,1.0,2.0,1.0,2.0,,,,1.0,1.0,1.0,2.0,,0.5,0.5,0.5,0.5,,0.5,1.0,1.0,0.5,1.0,,,3.7,,,,1.0,1.0,1.0,,,,,,,,,,,1.0,,,,,,,,,,1.0,,,,,,,,,,,2.0,,1.0,1.0,1.0,,2.0,,,,,,1.0,,1.0,1.0,1.0,,,,,,,,,,,,,,1.0,0.5,,,,,,,,,,,,,,,,,,,,,,,,,,,,,,,,,,,,,,,,,,,,,,,,,,,,,,,,,,,,,,,,,,,,,,,,,,,,,,,,,,,,,,,,,1610612764,2015,2014-15,False
101162-201196-202066-202338-2446,1610612764,"Marcin Gortat, Ramon Sessions, Garrett Temple, Kevin Seraphin, Rasual Butler","Gortat, Sessions, Temple, Seraphin, Butler",101162-201196-202066-202338-2446,WAS,109.0,1,2.0,-3.0,4.0,4.0,4.0,4.0,8.0,,,1.0,2.0,4.0,7.0,1.0,2.0,4.0,,1.0,,2.0,,2.0,4.0,4.0,,0.4,0.4,0.25,105.68807339449542,14.25,13.0,14.0,12.25,,,0.5,0.4944125,0.4944125,1.0,23.4,1.0,1.0,1.0,1.0,1.0,1.0,3.0,1.0,3.0,2.0,,,,,,,,0.3333333333333333,0.3333333333333333,0.25,0.25,,0.25,1.0,1.0,0.25,1.0,0.2,,9.033333333333333,1.0,,1.0,,1.0,2.0,,,1.0,,,,,,,,,0.5,0.5,,1.0,0.25,0.25,1.0,1.0,,1.0,,,1.0,,1.0,,1.0,1.0,2.0,,,,,,,,,1.0,,1.0,,,,,,,,,,,1.0,1.0,1.0,0.5,,0.3333333333333333,,1.0,,,,0.25,,,,,,0.25,,,1.0,0.25,,0.6267,0.5,,,,,,,,,,,,,,,,,,,,,,,,,,,,,,,,,,,,,,,,,,,,,,,,,,,,,1.0,2.0,,,,1.0,,,,,,,,,,,,,,,,,,1610612764,2015,2014-15,False
101162-201196-202066-203490-2400,1610612764,"Marcin Gortat, Ramon Sessions, Garrett Temple, Otto Porter Jr., Drew Gooden","Gortat, Sessions, Temple, Porter Jr., Gooden",101162-201196-202066-203490-2400,WAS,254.0,2,4.0,-4.0,9.0,10.0,4.0,8.0,19.0,3.0,,3.0,1.0,5.0,9.0,,,,3.0,3.0,,2.0,,1.0,,4.0,,0.3125,,0.42857142857142855,107.71653543307086,14.222222222222221,12.6,14.222222222222221,12.4,0.42857142857142855,,0.8571428571428571,0.5337928571428571,0.2987,,25.666666666666668,0.4444444444444444,2.0,3.0,,1.0,2.0,4.0,,2.0,4.0,1.0,1.0,4.0,3.0,2.0,3.0,,0.5,,0.2857142857142857,,0.25,0.42857142857142855,0.6666666666666666,0.6666666666666666,0.5,,0.125,,6.6,1.0,,,1.0,3.0,5.0,,,1.0,,,,,,,,1.0,,0.5,,,0.14285714285714285,0.2,2.0,2.0,,,,,,,,,2.0,2.0,4.0,,,,,,,,,,2.0,2.0,,,3.0,,1.0,,,,,,1.0,1.0,1.0,,1.0,0.6666666666666666,,,1.0,,,,,,,,,,,,1.0,,,,0.8,,,,,,,,,,,,,,,,,,,,,,,,,,,,,,,,,,,,,2.0,,1.0,,,,,,,,1.0,,2.0,,,1.0,2.0,4.0,,,,1.0,,,,,,,,,,,,,,,,,,1610612764,2015,2014-15,False
101162-201196-202066-2446-2743,1610612764,"Marcin Gortat, Ramon Sessions, Garrett Temple, Rasual Butler, Kris Humphries","Gortat, Sessions, Temple, Butler, Humphries",101162-201196-202066-2446-2743,WAS,43.0,1,1.0,-2.0,2.0,1.0,,,3.0,,,,,,2.0,,,,,,,,,,,,,,,,100.46511627906976,17.5,8.0,17.5,8.0,,,,0.3878,,,,,,,,,,1.0,,,,,,1.0,,,,,,,,,,,,,,,,,18.3,1.0,,,,,,,,,,,,,,,,,,,,,1.0,,,,,,,,,,,,,,,,,,,,,,,,,,,,1.0,,,,,,,,,,,,,,,,,,,,,,,,,,,,,,,,,,,,,,,,,,,,,,,,,,,,,,,,,,,1.0,,,,,,,,,,,,,,,,,,,,,,,,,,,,,,,,,,,,,,,,,,,,,,,,,1610612764,2015,2014-15,False
101162-201196-202322-202338-203490,1610612764,"Marcin Gortat, Ramon Sessions, John Wall, Kevin Seraphin, Otto Porter Jr.","Gortat, Sessions, Wall, Seraphin, Porter Jr.",101162-201196-202322-202338-203490,WAS,108.0,2,2.0,-3.0,2.0,4.0,,4.0,6.0,,,,,,3.0,,,,,1.0,,,,,,,,,,,80.0,26.5,13.75,16.5,13.75,,,,0.41635,,,,,,,,,,4.0,,,,,,,,,,,,,,,,,,,,,,,15.5,3.0,,2.0,1.0,3.0,5.0,,,,,,,,,,,1.0,1.0,1.0,1.0,,0.75,,1.0,,,1.0,,,,,,,,2.0,,,,,,,,,,2.0,,2.0,,,,,,,,,,,,,,0.5,,0.5,,0.6666666666666666,,,,0.25,,,,,,,,,,,,0.42905,,,,,,,,,,,,,,,,,,,,,,1.0,,,,,,,,,,,,,,,,,,,,,,,,,,,,,1.0,,,,,,,,,,,,,,,,,,,,,,,,,,1610612764,2015,2014-15,False
101162-201196-202322-203078-203490,1610612764,"Marcin Gortat, Ramon Sessions, John Wall, Bradley Beal, Otto Porter Jr.","Gortat, Sessions, Wall, Beal, Porter Jr.",101162-201196-202322-203078-203490,WAS,82.0,1,1.0,1.0,2.0,1.0,,1.0,3.0,,,,,4.0,3.0,,,,,,,,,2.0,,,,0.6666666666666666,,,52.68292682926829,22.0,38.0,22.0,38.0,,,0.3333333333333333,0.4643333333333333,,,,,1.0,1.0,,,2.0,3.0,,,2.0,,,,,,,,0.6666666666666666,,0.6666666666666666,,,0.3333333333333333,1.0,1.0,,,,,9.966666666666667,2.0,,,,,1.0,,,,,,,,,,,,,,,,0.6666666666666666,,1.0,1.0,,,1.0,,,,,,1.0,1.0,2.0,,2.0,,1.0,1.0,,,2.0,1.0,,1.0,,,,,,0.5,1.0,,,,1.0,1.0,1.0,1.0,,1.0,,1.0,,,,,,,,0.5,0.5,,,,1.0,,,0.6517,0.5,,,,,,,,,,,,,,,,,,,1.0,,,1.0,,,,,,,,,,,,,,,,,,,,,,,,,,,,,,,1.0,2.0,,,,1.0,,,,,,,1.0,,,,,,,,,,,1610612764,2015,2014-15,False
101162-201196-202322-203078-2403,1610612764,"Marcin Gortat, Ramon Sessions, John Wall, Bradley Beal, Nene","Gortat, Sessions, Wall, Beal, Nene",101162-201196-202322-203078-2403,WAS,163.0,1,3.0,3.0,5.0,4.0,,,9.0,,,1.0,,5.0,2.0,,,,,,,,,5.0,,,,0.625,,0.25,79.50920245398773,17.6,18.75,17.6,18.5,,,0.5,0.5064375,,,23.3,,1.0,1.0,,,1.0,3.0,,,,1.0,1.0,1.0,,,,,0.3333333333333333,,0.625,,1.0,0.25,1.0,1.0,,,,,12.233333333333334,2.0,,2.0,,2.0,2.0,,,,1.0,1.0,,1.0,,,,,0.5,0.5,,,0.5,,,,,,,1.0,1.0,,,1.0,,,,,2.0,,1.0,2.0,1.0,,5.0,,,,,,,,,1.0,1.0,1.0,,1.0,,,,,,,,,,,1.0,,,,,,,0.25,1.0,1.0,,,,,,,,3.0,,,1.0,1.0,,,1.0,,,,1.0,,,,,,,1.0,,,,,,,,,,,,,,,,,,,,,,,,,,,,,,,,,,,,,,,,,,,,,,,,,,,,,,,1610612764,2015,2014-15,False
101162-201196-202322-203490-2400,1610612764,"Marcin Gortat, Ramon Sessions, John Wall, Otto Porter Jr., Drew Gooden","Gortat, Sessions, Wall, Porter Jr., Gooden",101162-201196-202322-203490-2400,WAS,437.0,4,7.0,3.0,14.0,15.0,8.0,7.0,29.0,5.0,1.0,5.0,1.0,20.0,17.0,1.0,1.0,7.0,5.0,1.0,,2.0,1.0,20.0,7.0,8.0,1.0,0.7692307692307693,0.5,0.4166666666666667,95.56064073226545,14.857142857142858,15.266666666666667,14.357142857142858,14.133333333333333,0.4166666666666667,0.16666666666666666,0.8333333333333334,0.5619375,0.4733,0.35,25.7,0.5714285714285714,3.0,5.0,1.0,3.0,5.0,7.0,3.0,5.0,6.0,3.0,2.0,3.0,2.0,2.0,5.0,,0.7142857142857143,0.6,0.7916666666666666,0.5,1.0,0.4166666666666667,0.6,0.6,0.5,0.3333333333333333,,,5.642857142857143,1.0,,4.0,,5.0,7.0,,,,,,,,1.0,,,,1.0,1.0,1.0,1.0,0.08333333333333333,,2.0,1.0,1.0,1.0,1.0,,,,,3.0,,1.0,,,4.0,,2.0,5.0,2.0,,13.0,1.0,1.0,2.0,2.0,,,1.0,,0.4,0.4,0.6,,0.6,,,,0.5,1.0,0.5,0.5,,,1.0,0.6666666666666666,0.08333333333333333,1.0,1.0,,1.0,1.0,,,,1.0,,,0.4434,,3.0,,9.0,3.0,,3.0,,,1.0,1.0,,,,,0.6,0.6,,0.6,,,1.0,,2.0,,,,,,,,,,,,,3.0,1.0,,0.5,,,1.0,,,,,0.5,,,,,,,,,,,,,,,,,,,,,,,,,,,,,1610612764,2015,2014-15,False
101162-201196-202322-203490-2403,1610612764,"Marcin Gortat, Ramon Sessions, John Wall, Otto Porter Jr., Nene","Gortat, Sessions, Wall, Porter Jr., Nene",101162-201196-202322-203490-2403,WAS,269.0,2,4.0,5.0,8.0,8.0,,8.0,16.0,1.0,,2.0,2.0,10.0,5.0,,,,1.0,3.0,,2.0,,5.0,,,,0.5,,0.2222222222222222,85.65055762081785,20.75,12.875,15.75,12.875,0.1111111111111111,,0.2222222222222222,0.43953333333333333,,,24.3,,,,,,1.0,7.0,,,,,,1.0,,1.0,1.0,,0.14285714285714285,,0.4444444444444444,,,,,,,,0.1,,14.700000000000001,4.0,,1.0,1.0,3.0,6.0,,,1.0,,,,,,,,1.0,1.0,1.0,,1.0,0.4444444444444444,0.125,3.0,,1.0,3.0,,1.0,1.0,,,2.0,1.0,2.0,5.0,,2.0,,1.0,3.0,,1.0,8.0,3.0,1.0,3.0,,,1.0,,,1.0,1.0,1.0,,1.0,0.5,0.8333333333333334,0.8333333333333334,0.5,1.0,0.5,,0.5,1.0,,,0.3333333333333333,0.3333333333333333,0.3333333333333333,1.0,,,0.1111111111111111,1.0,1.0,,,,0.44921666666666665,0.5,1.0,,6.0,1.0,,2.0,1.0,,1.0,1.0,,,,1.0,1.0,1.0,,1.0,,,,,,,,1.0,,,,,,1.0,1.0,1.0,1.0,1.0,,1.0,,0.5,,1.0,0.3333333333333333,1.0,1.0,,,,,,,,,,,1.0,,,,,,,,,,,,,,,,,,,,1610612764,2015,2014-15,False
101162-201196-202322-203490-2446,1610612764,"Marcin Gortat, Ramon Sessions, John Wall, Otto Porter Jr., Rasual Butler","Gortat, Sessions, Wall, Porter Jr., Butler",101162-201196-202322-203490-2446,WAS,298.0,4,5.0,-9.0,12.0,11.0,7.0,11.0,23.0,3.0,2.0,3.0,6.0,8.0,17.0,2.0,4.0,6.0,3.0,5.0,,8.0,2.0,6.0,6.0,7.0,2.0,0.3076923076923077,0.375,0.3333333333333333,111.14093959731544,11.583333333333334,14.454545454545455,10.166666666666666,12.272727272727273,0.3333333333333333,0.4,0.4444444444444444,0.4346277777777778,0.47542,0.75,26.633333333333336,0.5833333333333334,,1.0,,1.0,1.0,6.0,1.0,3.0,2.0,1.0,,1.0,,,3.0,,0.16666666666666666,0.3333333333333333,0.1111111111111111,0.2,1.0,0.1111111111111111,,,0.2,,0.18181818181818182,,11.383333333333333,1.0,,1.0,,2.0,4.0,,,2.0,,,,,3.0,,,,0.3333333333333333,0.5,,,0.1111111111111111,0.25,2.0,1.0,1.0,4.0,,,,,,,,1.0,2.0,,,,,,,,,2.0,1.0,2.0,,,,1.0,,,,,,,,,0.5,0.5,1.0,0.2857142857142857,,,,1.0,,0.4444444444444444,0.25,0.25,,,,,,,1.0,,,0.5761,0.25,,,,,,,,,,,,,,,,,,,,,0.5,,,,,,,,,,,,,,,,,,,1.0,,,,,,2.0,,,,2.0,,,,,,,,,,,,,,,,,,,,,,,,,,1610612764,2015,2014-15,False
101162-201196-202322-203490-2743,1610612764,"Marcin Gortat, Ramon Sessions, John Wall, Otto Porter Jr., Kris Humphries","Gortat, Sessions, Wall, Porter Jr., Humphries",101162-201196-202322-203490-2743,WAS,376.0,2,6.0,-1.0,11.0,11.0,5.0,4.0,22.0,,,1.0,1.0,11.0,12.0,1.0,1.0,7.0,,3.0,,3.0,,11.0,7.0,5.0,,0.5,0.7,0.1,84.25531914893617,15.363636363636363,18.818181818181817,15.363636363636363,15.636363636363637,,,0.4,0.505515,0.63325,0.6363636363636364,24.1,0.45454545454545453,3.0,3.0,3.0,3.0,5.0,9.0,3.0,4.0,2.0,,,,,1.0,3.0,,0.5555555555555556,0.75,0.5,0.6,,0.3,1.0,1.0,0.6,1.0,0.18181818181818182,,9.244444444444445,3.0,,2.0,,4.0,4.0,,,2.0,1.0,1.0,,1.0,,,,,0.6666666666666666,0.5,0.6666666666666666,,0.3,0.2,,,1.0,3.0,1.0,,1.0,,1.0,,,,,,8.0,,4.0,4.0,3.0,,8.0,,2.0,,1.0,,,,,0.8,0.8,,,,,,,,0.4,,,,0.6666666666666666,,1.0,0.3,0.3333333333333333,0.3333333333333333,,0.3333333333333333,0.3333333333333333,0.1,,,,0.2,,,,,,,,,,,,,,,,,,,,,,1.0,1.0,,1.0,1.0,,,,,,,,,,,,,,,,,,,,,,,,,,,,,,,,,,,,,,,,,,,,,,,,,,,,,1610612764,2015,2014-15,False
101162-201196-202322-2400-2446,1610612764,"Marcin Gortat, Ramon Sessions, John Wall, Drew Gooden, Rasual Butler","Gortat, Sessions, Wall, Gooden, Butler",101162-201196-202322-2400-2446,WAS,834.0,5,14.0,4.0,27.0,25.0,8.0,17.0,52.0,2.0,2.0,4.0,7.0,28.0,24.0,3.0,2.0,9.0,2.0,7.0,,9.0,1.0,26.0,9.0,8.0,1.0,0.5185185185185185,0.5625,0.17391304347826086,89.7841726618705,14.88888888888889,17.28,13.925925925925926,15.2,0.08695652173913043,0.2857142857142857,0.34782608695652173,0.46984090909090903,0.412925,0.32142857142857145,27.125,0.2962962962962963,4.0,4.0,,,9.0,19.0,2.0,4.0,12.0,2.0,1.0,5.0,2.0,4.0,5.0,,0.47368421052631576,0.5,0.45652173913043476,0.5,0.4,0.17391304347826086,1.0,1.0,,,0.15384615384615385,,13.073684210526316,12.0,1.0,6.0,1.0,10.0,13.0,,,4.0,,,,,1.0,0.05263157894736842,,0.5,0.6,0.6,0.25,1.0,0.5217391304347826,0.18181818181818182,1.0,,1.0,3.0,4.0,,2.0,,1.0,1.0,1.0,2.0,2.0,1.0,6.0,,3.0,4.0,3.0,,9.0,2.0,3.0,3.0,2.0,2.0,3.0,1.0,,0.3333333333333333,0.3333333333333333,0.25,0.3333333333333333,0.25,0.5,0.3333333333333333,0.3333333333333333,0.2222222222222222,0.6,0.2727272727272727,,0.25,0.6,,0.75,0.13043478260869565,0.3333333333333333,0.5,,0.3333333333333333,0.3333333333333333,0.08695652173913043,,,,0.14285714285714285,,0.514925,0.07142857142857142,1.0,1.0,3.0,1.0,,1.0,,,,1.0,,,,,0.5,0.5,0.5,0.5,,1.0,0.8,,,,,,,,,,,,,,1.0,1.0,1.0,,0.5,,0.5,1.0,,,,,,0.3333333333333333,,,,2.0,,,,,,,,,,,1.0,0.3333333333333333,,,,,,,,,,,,1610612764,2015,2014-15,False
101162-201196-202322-2403-2446,1610612764,"Marcin Gortat, Ramon Sessions, John Wall, Nene, Rasual Butler","Gortat, Sessions, Wall, Nene, Butler",101162-201196-202322-2403-2446,WAS,26.0,1,,,1.0,,,,1.0,,,,,,,,,,,,,,,,,,,,,,55.38461538461538,26.0,,26.0,,,,,0.3315,,,,,,,,,,1.0,,,,,,,,,,,,,,,,,,,,,,,15.1,1.0,,,,,,,,,,,,,,,,,,,,,1.0,,,,,,,,,,,,,,,,,,,,,,,,,,,,,,,,,,,,,,,,,,,,,,,,,,,,,,,,,,,,,,,,,,,,,,,,,,,,,,,,,,,,,,,,,,,,,,,,,,,,,,,,,,,,,,,,,,,,,,,,,,,,,,,,,,,,,,,,1610612764,2015,2014-15,False
101162-201196-202322-2446-2743,1610612764,"Marcin Gortat, Ramon Sessions, John Wall, Rasual Butler, Kris Humphries","Gortat, Sessions, Wall, Butler, Humphries",101162-201196-202322-2446-2743,WAS,186.0,1,3.0,7.0,7.0,7.0,,4.0,14.0,1.0,,1.0,,9.0,2.0,,,,1.0,1.0,,,,9.0,,,,0.9,,0.2,108.38709677419355,10.571428571428571,16.0,10.571428571428571,15.285714285714286,0.2,,0.8,0.61625,,,25.4,,3.0,3.0,,,3.0,4.0,,,2.0,,,2.0,,,1.0,,0.75,,0.9,,,0.6,1.0,1.0,,,,,5.35,1.0,,4.0,,4.0,4.0,,,,,,,,,,,,0.8,0.8,1.0,1.0,0.2,,,,,,,,,,,1.0,,,,,4.0,,2.0,3.0,2.0,,7.0,,,,1.0,,2.0,,,0.6666666666666666,0.6666666666666666,1.0,,1.0,,,,,,,,,,,0.6666666666666666,,,,,,,,,,,,,,,1.0,,3.0,1.0,,1.0,,,,1.0,,,,,1.0,1.0,,1.0,,,0.6666666666666666,,1.0,,,1.0,,,,,,,,,,1.0,,,,,,1.0,,,,,,,1.0,,,,,,1.0,,,,,,,,,,,,,,,,,,,,,1610612764,2015,2014-15,False
101162-201196-203078-203490-2400,1610612764,"Marcin Gortat, Ramon Sessions, Bradley Beal, Otto Porter Jr., Drew Gooden","Gortat, Sessions, Beal, Porter Jr., Gooden",101162-201196-203078-203490-2400,WAS,287.0,3,5.0,-2.0,7.0,8.0,3.0,1.0,15.0,,,,,8.0,10.0,,,6.0,,4.0,,2.0,,8.0,6.0,3.0,,0.6666666666666666,1.0,,75.26132404181185,22.714285714285715,16.0,22.714285714285715,14.75,,,0.6,0.5996400000000001,0.7555333333333333,0.75,,0.42857142857142855,3.0,3.0,3.0,3.0,4.0,5.0,3.0,3.0,,,,2.0,,,,,0.8,1.0,0.8,1.0,,0.6,1.0,1.0,1.0,1.0,0.16666666666666666,,5.5,1.0,,3.0,,3.0,3.0,,,1.0,,,,,,,,,0.6,0.6,,0.6666666666666666,0.2,0.16666666666666666,,,1.0,1.0,,,,,,,,,,,8.0,,4.0,4.0,3.0,1.0,8.0,,,,,,2.0,,,1.0,1.0,,,,,,,,,,,,,,1.0,0.2,1.0,1.0,1.0,,,,,,,,,,,,,,,,,,,,,,,,,,,,,,,1.0,,,,,,,,,,,,,,,,,,,,,,,,,,,,,,,1.0,,,,1.0,,,,,,,,,,,,,,,,,,,,1610612764,2015,2014-15,False
101162-201196-203078-203490-2403,1610612764,"Marcin Gortat, Ramon Sessions, Bradley Beal, Otto Porter Jr., Nene","Gortat, Sessions, Beal, Porter Jr., Nene",101162-201196-203078-203490-2403,WAS,16.0,1,,,,,,,,,,,,,,,,,,,,,,,,,,,,,,,,,,,,,,,,,,,,,,,,,,,,,,,,,,,,,,,,,,,,,,,,,,,,,,,,,,,,,,,,,,,,,,,,,,,,,,,,,,,,,,,,,,,,,,,,,,,,,,,,,,,,,,,,,,,,,,,,,,,,,,,,,,,,,,,,,,,,,,,,,,,,,,,,,,,,,,,,,,,,,,,,,,,,,,,,,,,,,,,,,,,,,,,,,,,,,,,,,,,,1610612764,2015,2014-15,False
101162-201196-203078-2403-2446,1610612764,"Marcin Gortat, Ramon Sessions, Bradley Beal, Nene, Rasual Butler","Gortat, Sessions, Beal, Nene, Butler",101162-201196-203078-2403-2446,WAS,13.0,1,,-3.0,,1.0,,,1.0,,,,,,3.0,,,,,,,,,,,,,,,,110.76923076923076,,13.0,,13.0,,,,,,,,,,,,,,,,,,,,,,1.0,1.0,,,,,,,,,,,,,,,,,,,,,,,,,,,,,,,,,,,,,,,,,,,,,,,,,,,,,,,,,,,,,,,,,,,,,,,,,,,,,,,,,,,,,,,,,,,,,,,,,,,,,,,,,,,,,,,,,,,,,,,,,,,,,,,,,,,,,,,,,,,,,,,,,,,,,,,,,,,,,,,,,,,,,,,,,,,,1610612764,2015,2014-15,False
101162-201196-203315-203490-2400,1610612764,"Marcin Gortat, Ramon Sessions, Toure' Murry, Otto Porter Jr., Drew Gooden","Gortat, Sessions, Murry, Porter Jr., Gooden",101162-201196-203315-203490-2400,WAS,5.0,1,,,,1.0,,1.0,1.0,,,,,,,,,,,,,,,,,,,,,,288.0,,5.0,,5.0,,,,,,,,,,,,,,,,,,,,,,,,,,,,,,,,,,,,,,,,,,1.0,1.0,,,,,,,,,,,,,1.0,,,,,,,,,,,,,,,,,,,,,,,,,,,1.0,,,,,,,,,,,,,,,,1.0,,,,1.0,,,,,,,,,,,,,,,,,,,,,,,,,,,,,,,,,,,,,,,,,,,,,,,,,,,,,,,,,,,,,,,,,,,,,,,,,,,,,,,,,,,,,,,,,,,,1610612764,2015,2014-15,False
101162-201196-203490-2400-2446,1610612764,"Marcin Gortat, Ramon Sessions, Otto Porter Jr., Drew Gooden, Rasual Butler","Gortat, Sessions, Porter Jr., Gooden, Butler",101162-201196-203490-2400-2446,WAS,537.0,5,9.0,-6.0,15.0,15.0,2.0,2.0,30.0,2.0,1.0,2.0,2.0,12.0,18.0,1.0,2.0,2.0,2.0,1.0,,2.0,,10.0,2.0,2.0,,0.3333333333333333,0.3333333333333333,0.11764705882352941,80.44692737430168,17.4,18.4,16.933333333333334,16.133333333333333,0.11764705882352941,0.5,0.5882352941176471,0.504725,0.6468,0.16666666666666666,31.95,0.13333333333333333,3.0,8.0,,1.0,5.0,15.0,,1.0,8.0,2.0,2.0,2.0,1.0,,1.0,,0.3333333333333333,,0.29411764705882354,,1.0,0.47058823529411764,0.375,0.42857142857142855,0.5,,0.05555555555555555,,6.206666666666666,3.0,1.0,5.0,,6.0,10.0,,,1.0,,,,,,0.06666666666666667,0.125,,0.5,0.5,0.3333333333333333,,0.17647058823529413,0.0625,3.0,4.0,2.0,4.0,,,,,,,1.0,4.0,2.0,,2.0,,1.0,1.0,1.0,,2.0,4.0,1.0,4.0,1.0,,,,,0.2,0.25,,,,0.25,0.25,0.25,0.4,0.5,0.36363636363636365,0.2,1.0,1.0,,0.3333333333333333,0.23529411764705882,0.5,0.5,,,,,,,1.0,,,0.63835,0.16666666666666666,,,,,,,,1.0,,,,,0.1,,,,,,,,0.75,,1.0,,,,,,,,,,,,,,,,,,,,,,,,,,,,,,1.0,2.0,,,,0.25,,,,,,,,,,,,,,,,,,1610612764,2015,2014-15,False
101162-201196-203490-2446-2743,1610612764,"Marcin Gortat, Ramon Sessions, Otto Porter Jr., Rasual Butler, Kris Humphries","Gortat, Sessions, Porter Jr., Butler, Humphries",101162-201196-203490-2446-2743,WAS,1114.0,3,19.0,6.0,33.0,36.0,8.0,4.0,69.0,4.0,1.0,5.0,6.0,44.0,38.0,1.0,4.0,12.0,4.0,8.0,,9.0,2.0,36.0,12.0,8.0,2.0,0.5641025641025641,0.6666666666666666,0.14285714285714285,89.19210053859965,16.87878787878788,15.472222222222221,14.484848484848484,14.333333333333334,0.11428571428571428,0.14285714285714285,0.34285714285714286,0.4904314285714285,0.5335357142857143,0.2727272727272727,24.78,0.24242424242424243,4.0,7.0,2.0,2.0,16.0,30.0,4.0,6.0,12.0,,,1.0,,2.0,4.0,,0.5333333333333333,0.6666666666666666,0.5428571428571428,0.5714285714285714,,0.2,0.5714285714285714,0.5714285714285714,0.2857142857142857,1.0,0.08108108108108109,,10.44,12.0,,7.0,1.0,17.0,24.0,,1.0,3.0,2.0,2.0,,2.0,2.0,,,1.0,0.7,0.7619047619047619,0.75,1.0,0.34285714285714286,0.09375,7.0,1.0,3.0,11.0,9.0,,1.0,,,2.0,3.0,5.0,8.0,,20.0,,10.0,12.0,2.0,,26.0,4.0,9.0,7.0,2.0,,1.0,,,0.625,0.6666666666666666,0.4,,0.4,0.6,0.5,0.5714285714285714,0.2857142857142857,0.8181818181818182,0.35294117647058826,0.3333333333333333,0.3333333333333333,0.9,,0.5,0.3142857142857143,0.2727272727272727,0.2727272727272727,,0.75,0.75,0.02857142857142857,,,0.16666666666666666,,,0.474275,0.18181818181818182,2.0,,6.0,2.0,,2.0,,,,1.0,,,,,0.5,0.5,,0.5,8.0,1.0,0.6,0.8888888888888888,2.0,1.0,0.5,,1.0,,,,,,,,1.0,2.0,2.0,,0.6666666666666666,0.25,,1.0,,,,2.0,1.0,,,2.0,,,1.0,2.0,,,,1.0,1.0,1.0,,,1.0,0.16666666666666666,,,,,,,,,,,,1610612764,2015,2014-15,False
101162-201971-202066-202322-203078,1610612764,"Marcin Gortat, DeJuan Blair, Garrett Temple, John Wall, Bradley Beal","Gortat, Blair, Temple, Wall, Beal",101162-201971-202066-202322-203078,WAS,72.0,1,1.0,-6.0,3.0,3.0,,3.0,6.0,,,1.0,,,6.0,,,,,,,,,,,,,,,0.3333333333333333,120.0,18.0,6.0,13.666666666666666,6.0,,,0.3333333333333333,0.46116666666666667,,,23.5,,,,,,,2.0,,,,1.0,1.0,1.0,,1.0,3.0,,,,,,1.0,,,,,,,,11.45,1.0,,,,,1.0,,1.0,,,,,,2.0,,,,,,,,0.3333333333333333,,1.0,,,1.0,,,1.0,,,,,,,,,,,,,,,,,1.0,,,,,,,,,,,,,,,,0.3333333333333333,,,,,,0.3333333333333333,,,,,,0.3333333333333333,,,,,,,,,,,,,,,,1.0,,,,,,,,,,,,,,,,,,,,,,,,,,,,1.0,,1.0,,1.0,,,,,,,,,,,,,,,,,,,,,,,,,,,,,,,,,,,1610612764,2015,2014-15,False
101162-201971-202066-202322-2446,1610612764,"Marcin Gortat, DeJuan Blair, Garrett Temple, John Wall, Rasual Butler","Gortat, Blair, Temple, Wall, Butler",101162-201971-202066-202322-2446,WAS,25.0,1,,3.0,1.0,1.0,1.0,1.0,2.0,1.0,1.0,1.0,,3.0,,1.0,,3.0,1.0,,,,,3.0,3.0,1.0,,1.5,1.5,1.0,115.19999999999999,9.0,16.0,9.0,16.0,1.0,1.0,1.0,0.42375,0.42375,1.0,25.0,1.0,,,,,,,,,,,,,,,,,,,1.5,1.5,,,,,,,,,,,,,,1.0,1.0,,,,,,,,,,,,,1.0,,,,,,,,,,,,,,1.0,,,,1.0,,,,1.0,,,3.0,,1.0,,,,,,,,,1.0,1.0,1.0,,,,,1.0,,,,,1.0,,,,,,,,,,,,,,,,1.0,1.0,3.0,1.0,,1.0,,,,1.0,,,,,1.0,1.0,1.0,1.0,,,,,,,,,,,,,,,,,,1.0,,,,,,1.0,,,,,,,,,,,,,,,,,,,,,,,,,,,,,,,,,,1610612764,2015,2014-15,False
101162-201971-202322-203078-2446,1610612764,"Marcin Gortat, DeJuan Blair, John Wall, Bradley Beal, Rasual Butler","Gortat, Blair, Wall, Beal, Butler",101162-201971-202322-203078-2446,WAS,37.0,1,1.0,3.0,2.0,2.0,,,4.0,2.0,,2.0,,3.0,,,,,2.0,1.0,,,,3.0,,,,0.75,,1.0,155.67567567567568,11.5,7.0,11.5,7.0,1.0,,1.0,0.561375,,,25.75,,,,,,,,,,,,,,,,,,,,0.75,,,,,,,,,,,,,,,,,,,,,,,,,,,,,,,,,,,,,,,,,,,1.0,,,,,,,,1.0,,,3.0,,,,1.0,,,,,,,0.5,,0.5,,,,,,,,,,,,,,,,,,,,,,,,,,1.0,,3.0,1.0,,1.0,,,,1.0,,,,,0.5,0.5,,0.5,,,,,1.0,,,,,,,,,,,,,1.0,,,,,,1.0,,,,,,,1.0,,,,,,,,,,,,,,,,,,,,,,,,,,,1610612764,2015,2014-15,False
101162-202066-202322-202338-203490,1610612764,"Marcin Gortat, Garrett Temple, John Wall, Kevin Seraphin, Otto Porter Jr.","Gortat, Temple, Wall, Seraphin, Porter Jr.",101162-202066-202322-202338-203490,WAS,129.0,3,2.0,-1.0,3.0,4.0,1.0,1.0,7.0,1.0,,1.0,,5.0,6.0,,,,1.0,2.0,,2.0,1.0,5.0,,1.0,1.0,0.5,,0.25,78.13953488372093,19.666666666666668,17.5,19.666666666666668,12.0,0.25,,0.25,0.4384375,0.38115,,25.7,0.3333333333333333,,,,,1.0,3.0,,2.0,2.0,,,,,1.0,2.0,,0.3333333333333333,,0.625,,,,,,,,,,10.133333333333333,1.0,,,,1.0,2.0,,,,,,,,,,,,,0.3333333333333333,,,0.25,,,,,2.0,1.0,,,,,1.0,,,,,,,,1.0,,,3.0,1.0,1.0,1.0,,,,,,,,1.0,,1.0,,,,0.5,0.5,0.5,,,0.5,,,0.5,,,,1.0,1.0,,,,,,,,,1.0,,3.0,1.0,,1.0,,,,1.0,,,,,1.0,1.0,,1.0,,,,,,,,,,,,,,,,,,1.0,,,,0.5,,1.0,,,,,,,1.0,1.0,,,,,,,,,,,,,,,,,,,,,,,,,,1610612764,2015,2014-15,False
101162-202066-202322-202338-2446,1610612764,"Marcin Gortat, Garrett Temple, John Wall, Kevin Seraphin, Rasual Butler","Gortat, Temple, Wall, Seraphin, Butler",101162-202066-202322-202338-2446,WAS,269.0,3,4.0,-6.0,10.0,10.0,10.0,4.0,20.0,2.0,2.0,2.0,1.0,11.0,17.0,2.0,1.0,11.0,2.0,1.0,,2.0,1.0,9.0,11.0,10.0,1.0,0.6111111111111112,0.6111111111111112,0.25,107.06319702602231,13.3,13.6,13.2,13.1,0.25,0.25,0.625,0.52108125,0.52108125,1.0,26.1,1.0,3.0,3.0,3.0,3.0,5.0,6.0,5.0,6.0,6.0,,,1.0,1.0,2.0,2.0,,0.8333333333333334,0.8333333333333334,0.625,0.625,,0.375,1.0,1.0,0.375,1.0,,,8.299999999999999,2.0,,1.0,,1.0,2.0,,,,1.0,,1.0,1.0,,,,,0.3333333333333333,0.25,,,0.25,,2.0,1.0,1.0,1.0,1.0,,,,,,1.0,1.0,2.0,,4.0,,2.0,2.0,1.0,,4.0,,,1.0,,,1.0,,,0.4,0.5,,,,1.0,1.0,1.0,,,0.3333333333333333,,,,,0.3333333333333333,0.125,1.0,1.0,,0.5,0.5,,,,1.0,,,,0.18181818181818182,,,,,,,,,,,,,,,,,,,1.0,,0.5,1.0,,,,,,,,,,,,,,,1.0,,0.5,,,,,,,,0.5,,,,,1.0,1.0,2.0,,,,1.0,,,,,,,,,,,,,,,,,,1610612764,2015,2014-15,False
101162-202066-202322-203078-203490,1610612764,"Marcin Gortat, Garrett Temple, John Wall, Bradley Beal, Otto Porter Jr.","Gortat, Temple, Wall, Beal, Porter Jr.",101162-202066-202322-203078-203490,WAS,21.0,1,,-2.0,,1.0,,1.0,1.0,,,,,,2.0,,,,,,,,,,,,,,,,68.57142857142857,,21.0,,21.0,,,,,,,,,,,,,,,,,,,,,,,1.0,,,,,,,,,,,,,,,,,,,,,,,,,,,,1.0,,,,,,,,,,,,,,,,,,,,,,,,,,,,,,,,,,,,,,,,,,,,,,,,,,,,,,,,,,,,,,,,,,,,,,,,,,,,,,,,,,,,,,,,,,,,,,,,,,,,,,,,,,,,,,,,,,,,,,,,,,,,,,,,,,,,,,,,,,,,,,,,1610612764,2015,2014-15,False
101162-202066-202322-203078-2400,1610612764,"Marcin Gortat, Garrett Temple, John Wall, Bradley Beal, Drew Gooden","Gortat, Temple, Wall, Beal, Gooden",101162-202066-202322-203078-2400,WAS,73.0,1,1.0,,3.0,3.0,3.0,3.0,6.0,,,,,4.0,4.0,,,4.0,,,,,,2.0,4.0,3.0,,0.5,0.5,,118.35616438356165,14.666666666666666,9.666666666666666,14.666666666666666,9.666666666666666,,,0.75,0.68155,0.68155,1.0,,1.0,2.0,3.0,2.0,3.0,2.0,4.0,2.0,4.0,2.0,,,,,,1.0,,0.5,0.5,0.5,0.5,,0.75,0.6666666666666666,1.0,0.75,0.6666666666666666,,,4.025,1.0,1.0,,,,1.0,,,,,,,,1.0,0.25,0.3333333333333333,,,,,,0.25,,1.0,1.0,,,,,,,,,1.0,1.0,2.0,,2.0,,1.0,1.0,1.0,,2.0,1.0,,1.0,1.0,,,,,0.5,1.0,,,,1.0,1.0,1.0,0.5,,0.5,,1.0,,,0.5,,,,,,,,,,1.0,,,0.6831,0.5,,,,,,,,,,,,,,,,,,,,,,,1.0,,,,,,,,,,,,,,,,,,,,,,,,,,,,,,1.0,2.0,,,,1.0,,,,,,,,,,,,,,,,,,1610612764,2015,2014-15,False
101162-202066-202322-203078-2403,1610612764,"Marcin Gortat, Garrett Temple, John Wall, Bradley Beal, Nene","Gortat, Temple, Wall, Beal, Nene",101162-202066-202322-203078-2403,WAS,425.0,3,7.0,5.0,12.0,14.0,,3.0,26.0,,,,2.0,16.0,11.0,,,,,2.0,,2.0,,16.0,,,,0.8888888888888888,,,88.09411764705882,13.916666666666666,18.428571428571427,13.916666666666666,16.928571428571427,,,0.5,0.561075,,,,,4.0,4.0,,,7.0,8.0,,,4.0,2.0,,3.0,,1.0,1.0,,0.875,,0.875,,0.6666666666666666,0.5,1.0,1.0,,,0.1111111111111111,,7.925,3.0,,3.0,,5.0,5.0,,,1.0,,,,,,,,,1.0,0.8333333333333334,,1.0,0.375,0.1111111111111111,,,,1.0,3.0,,,,,,,,,,10.0,,5.0,5.0,3.0,,10.0,,2.0,,3.0,2.0,1.0,2.0,,0.7142857142857143,0.7142857142857143,,,,,,,,0.6666666666666666,,,,0.5,1.0,0.75,0.125,,,,1.0,1.0,,,,,,,,,,,,,,,,,,,,,,,,,,,2.0,,1.0,0.6666666666666666,1.0,,,,,,,,,,,,,,,,,,,,,,,,,,,,,1.0,,,,,,,,,,,,,,,,,,,,,,,,1610612764,2015,2014-15,False
101162-202066-202322-203078-2446,1610612764,"Marcin Gortat, Garrett Temple, John Wall, Bradley Beal, Rasual Butler","Gortat, Temple, Wall, Beal, Butler",101162-202066-202322-203078-2446,WAS,3.0,1,,,,1.0,,,1.0,1.0,,1.0,,,,,,,1.0,,,,,,,,,,,1.0,480.0,,1.0,,1.0,1.0,,1.0,0.32745,,,25.3,,,,,,,,,,,,,,,,,,,,,,,,,,,,,,,,,,,,,,,,,,,,,,,,,,,,,,,,,,,,,,,,,,,,,,,,,,,,,,1.0,,,,,,,,,,,,,,,,,,,,,,,,,,,,,,,,,,,,,,,,,,,,,,,,,,,,,,,,,1.0,,,,,,,,,,,,,,,,,,,,,,,,,,,,,,,,,,,,,,,,,,,,,,,,,,,,,1610612764,2015,2014-15,False
101162-202066-202322-203078-2743,1610612764,"Marcin Gortat, Garrett Temple, John Wall, Bradley Beal, Kris Humphries","Gortat, Temple, Wall, Beal, Humphries",101162-202066-202322-203078-2743,WAS,106.0,1,2.0,1.0,4.0,3.0,4.0,3.0,7.0,1.0,1.0,1.0,3.0,5.0,4.0,1.0,3.0,5.0,1.0,2.0,1.0,4.0,2.0,5.0,5.0,4.0,2.0,0.625,0.625,0.5,95.09433962264151,11.75,19.666666666666668,11.75,19.666666666666668,0.5,0.5,1.0,0.6411,0.6411,1.0,25.7,1.0,1.0,1.0,1.0,1.0,1.0,1.0,1.0,1.0,,,,,,,,,1.0,1.0,0.5,0.5,,0.5,1.0,1.0,0.5,1.0,,,0.6,,,1.0,,1.0,1.0,,,,1.0,1.0,,1.0,,,,,0.5,0.5,,,,,,,,,,,,,,,,,,,2.0,,1.0,1.0,1.0,,2.0,,,,,,,,,1.0,1.0,,,,,,,,,,,,,,1.0,,,,,,,,,,,,,,,,,,,,,,,,,,,,,,,,,,,1.0,,,,,,,,,,,,,,,,,,,,,,,,,,,,,,,,,,,,,,,,,,,,,,,,,,,,,,,1610612764,2015,2014-15,False
101162-202066-202322-203318-203490,1610612764,"Marcin Gortat, Garrett Temple, John Wall, Glen Rice, Otto Porter Jr.","Gortat, Temple, Wall, Rice, Porter Jr.",101162-202066-202322-203318-203490,WAS,7.0,1,,,,1.0,,1.0,1.0,,,,,,,,,,,,,,,,,,,,,,205.71428571428572,,7.0,,6.0,,,,,,,,,,,,,,,,,,,,,,,,,,,,,,,,,,,,,,,,1.0,,1.0,1.0,,,,,,,,,,,,0.5,0.5,,0.5,,,,,,,,,,,,,,,,,,,,,,,,,,,,,,,,,,,,,,,,,,,,,,,,,,,,,,,,,,,,,,,,,,,,,,,,,,,,,,,,,,,,,,,,,,,,,,,,,,,,,,,,,,,,,,,,,,,,,,,,,,,,,,,,,,,,,,,,,1610612764,2015,2014-15,False
101162-202066-202322-203490-2400,1610612764,"Marcin Gortat, Garrett Temple, John Wall, Otto Porter Jr., Drew Gooden","Gortat, Temple, Wall, Porter Jr., Gooden",101162-202066-202322-203490-2400,WAS,2486.0,10,41.0,21.0,91.0,90.0,55.0,18.0,181.0,13.0,9.0,19.0,18.0,113.0,92.0,13.0,12.0,65.0,12.0,13.0,2.0,18.0,2.0,103.0,65.0,55.0,2.0,0.6436781609195402,0.6037735849056604,0.24050632911392406,104.84312148028962,13.285714285714286,14.188888888888888,12.956043956043956,13.455555555555556,0.16455696202531644,0.1875,0.4810126582278481,0.49699935897435893,0.4763361702127659,0.5752212389380531,26.54736842105263,0.6043956043956044,15.0,19.0,8.0,11.0,31.0,60.0,16.0,35.0,34.0,6.0,4.0,11.0,6.0,10.0,18.0,1.0,0.5166666666666667,0.45714285714285713,0.6012658227848101,0.5520833333333334,0.5454545454545454,0.24050632911392406,0.7894736842105263,0.8333333333333334,0.22916666666666666,0.7272727272727273,0.07058823529411765,0.05,9.841666666666667,21.0,3.0,19.0,5.0,33.0,41.0,,,5.0,4.0,2.0,1.0,5.0,2.0,0.05,0.05263157894736842,0.8333333333333334,0.8260869565217391,0.7567567567567568,0.5714285714285714,1.0,0.26582278481012656,0.07692307692307693,8.0,6.0,7.0,20.0,9.0,5.0,6.0,3.0,4.0,11.0,5.0,8.0,10.0,7.0,28.0,6.0,14.0,23.0,5.0,3.0,55.0,7.0,9.0,8.0,13.0,7.0,5.0,2.0,2.0,0.45161290322580644,0.5,0.5789473684210527,0.5384615384615384,0.6111111111111112,0.625,0.625,0.625,0.2413793103448276,0.6428571428571429,0.2222222222222222,0.25,0.08333333333333333,0.6923076923076923,,0.3333333333333333,0.25316455696202533,0.35,0.3888888888888889,0.42857142857142855,0.42857142857142855,0.42857142857142855,0.0759493670886076,0.8333333333333334,0.8333333333333334,0.75,0.08333333333333333,0.75,0.5168714285714285,0.08849557522123894,6.0,4.0,27.0,6.0,,9.0,5.0,1.0,,0.8181818181818182,,,0.030303030303030304,1.0,0.46153846153846156,0.46153846153846156,0.4444444444444444,0.5,6.0,,0.9,0.6666666666666666,6.0,4.0,0.8,1.0,1.0,1.0,1.0,,,,,,,4.0,1.0,,0.14285714285714285,0.38461538461538464,,0.6666666666666666,,,,,0.16666666666666666,0.1,,1.0,1.0,1.0,5.0,6.0,,,1.0,0.8333333333333334,,,,,,,,0.2,,,,,,,1.0,,,1610612764,2015,2014-15,False
101162-202066-202322-203490-2403,1610612764,"Marcin Gortat, Garrett Temple, John Wall, Otto Porter Jr., Nene","Gortat, Temple, Wall, Porter Jr., Nene",101162-202066-202322-203490-2403,WAS,2462.0,5,41.0,21.0,80.0,80.0,1.0,10.0,160.0,7.0,1.0,12.0,11.0,88.0,67.0,1.0,,,7.0,15.0,1.0,14.0,,80.0,,1.0,,0.5432098765432098,,0.16,93.58245329000813,14.9125,15.8625,13.8375,14.925,0.09333333333333334,1.0,0.49333333333333335,0.5230393333333333,0.59235,,24.183333333333334,0.0125,18.0,25.0,,,31.0,63.0,,,18.0,9.0,7.0,11.0,,6.0,15.0,,0.49206349206349204,,0.5133333333333333,,0.8181818181818182,0.3333333333333333,0.72,0.72,,,0.08641975308641975,,9.090476190476192,24.0,3.0,21.0,2.0,34.0,45.0,,1.0,7.0,3.0,1.0,2.0,3.0,1.0,0.047619047619047616,,0.6666666666666666,0.7,0.7441860465116279,0.75,0.8888888888888888,0.32,0.10144927536231885,10.0,5.0,4.0,14.0,9.0,3.0,5.0,,,5.0,4.0,10.0,8.0,,44.0,,22.0,27.0,12.0,2.0,59.0,9.0,11.0,11.0,9.0,4.0,2.0,2.0,,0.7096774193548387,0.7333333333333333,0.4166666666666667,,0.4166666666666667,0.4,0.4,0.4,0.28125,0.8461538461538461,0.28205128205128205,0.42857142857142855,0.13333333333333333,0.9166666666666666,,0.6666666666666666,0.18666666666666668,0.2857142857142857,0.3333333333333333,0.5,0.375,0.391304347826087,0.06666666666666667,0.6,0.6,0.5,,,0.5457625,0.09090909090909091,2.0,,15.0,2.0,,5.0,3.0,3.0,1.0,1.0,,,0.08333333333333333,1.0,0.2857142857142857,0.2857142857142857,,0.2857142857142857,8.0,1.0,0.5384615384615384,0.8888888888888888,5.0,1.0,0.3333333333333333,,,,,,,,,,,2.0,2.0,,0.2857142857142857,0.4,0.5,1.0,,,,,0.2,0.14285714285714285,1.0,1.0,,1.0,2.0,2.0,,,1.0,0.4,,,0.041666666666666664,,,,,0.5,,,,,1.0,,,,,1610612764,2015,2014-15,False
101162-202066-202322-203490-2446,1610612764,"Marcin Gortat, Garrett Temple, John Wall, Otto Porter Jr., Rasual Butler","Gortat, Temple, Wall, Porter Jr., Butler",101162-202066-202322-203490-2446,WAS,3.0,1,,,,1.0,,1.0,1.0,,,,,,,,,,,,,,,,,,,,,,480.0,,2.0,,2.0,,,,,,,,,,,,,,,,,,,,,,,,,,,,,,,,,,,,,,,,,,,,,,,,,,,,,,,,,,,,,,,,,,,,,,,,,,,,,,,,,,,,,1.0,,,,,,,,,,,,,,,,,,,,,,,,,,,,,,,,,,,,,,,,,,,,,,,,,,,,,,,,,1.0,,,,,,,,,,,,,,,,,,,,,,,,,,,,,,,,,,,,,,,,,,,,,,,,,,,,,1610612764,2015,2014-15,False
101162-202066-202322-203490-2743,1610612764,"Marcin Gortat, Garrett Temple, John Wall, Otto Porter Jr., Kris Humphries","Gortat, Temple, Wall, Porter Jr., Humphries",101162-202066-202322-203490-2743,WAS,1749.0,9,29.0,-7.0,55.0,61.0,27.0,25.0,116.0,5.0,1.0,9.0,15.0,53.0,60.0,3.0,13.0,27.0,5.0,15.0,,18.0,3.0,44.0,27.0,27.0,3.0,0.5096153846153846,0.48214285714285715,0.20454545454545456,95.50600343053173,13.872727272727273,16.16393442622951,12.781818181818181,15.491803278688524,0.11363636363636363,0.05,0.4090909090909091,0.4902011363636364,0.44974499999999995,0.5094339622641509,24.211111111111112,0.4909090909090909,7.0,9.0,1.0,2.0,16.0,35.0,7.0,17.0,12.0,5.0,3.0,11.0,4.0,2.0,12.0,,0.45714285714285713,0.4117647058823529,0.4318181818181818,0.35,0.45454545454545453,0.20454545454545456,0.7777777777777778,0.875,0.1,0.5,0.14285714285714285,,11.871428571428572,18.0,1.0,15.0,2.0,24.0,32.0,,1.0,7.0,4.0,4.0,,4.0,1.0,0.02857142857142857,0.1111111111111111,1.0,0.75,0.7586206896551724,0.8333333333333334,,0.4090909090909091,0.175,7.0,2.0,2.0,8.0,7.0,,4.0,,2.0,2.0,3.0,5.0,9.0,,20.0,,10.0,12.0,4.0,1.0,26.0,7.0,7.0,8.0,6.0,2.0,6.0,2.0,3.0,0.625,0.6666666666666666,0.2222222222222222,,0.2222222222222222,0.6,0.5,0.5625,0.3684210526315789,0.7777777777777778,0.3076923076923077,1.0,0.2727272727272727,0.7142857142857143,1.0,0.5714285714285714,0.18181818181818182,0.25,0.25,0.5,0.3888888888888889,0.3888888888888889,0.09090909090909091,,,0.3333333333333333,0.1,,0.49609166666666665,0.16981132075471697,2.0,,6.0,2.0,,2.0,,,,1.0,,,,,0.4,0.4,,0.4,5.0,2.0,1.0,0.7142857142857143,4.0,3.0,0.75,,,,,,1.0,,1.0,,1.0,2.0,1.0,,0.14285714285714285,0.3333333333333333,0.25,1.0,0.16666666666666666,,,3.0,,,4.0,,,,2.0,2.0,1.0,,,1.0,,,,1.0,,,,0.5,,,,,1.0,,,,,1610612764,2015,2014-15,False
101162-202066-202322-2400-2446,1610612764,"Marcin Gortat, Garrett Temple, John Wall, Drew Gooden, Rasual Butler","Gortat, Temple, Wall, Gooden, Butler",101162-202066-202322-2400-2446,WAS,426.0,2,7.0,1.0,15.0,14.0,4.0,3.0,29.0,1.0,1.0,3.0,3.0,11.0,10.0,1.0,,2.0,1.0,3.0,1.0,4.0,,11.0,2.0,4.0,,0.39285714285714285,0.5,0.25,98.02816901408451,13.6,15.857142857142858,13.266666666666667,15.285714285714286,0.08333333333333333,0.5,0.5833333333333334,0.5691625,0.678625,0.18181818181818182,25.333333333333332,0.26666666666666666,3.0,4.0,1.0,1.0,4.0,9.0,1.0,1.0,4.0,2.0,1.0,2.0,2.0,1.0,1.0,,0.4444444444444444,1.0,0.3333333333333333,0.5,1.0,0.3333333333333333,0.75,0.75,0.5,1.0,0.14285714285714285,,7.477777777777778,3.0,,4.0,,5.0,6.0,,,2.0,,,,,,,,,0.8,0.8333333333333334,1.0,,0.25,0.18181818181818182,1.0,1.0,1.0,2.0,,,2.0,,,,,1.0,,,4.0,,2.0,2.0,2.0,,4.0,,1.0,1.0,3.0,2.0,,1.0,,0.5,0.5,,,,,,,,1.0,0.125,,,1.0,,0.6666666666666666,0.16666666666666666,0.5,0.5,,,,0.16666666666666666,,,1.0,,,,,,,,,,,,,,,,,,,,,,,,,1.0,,1.0,,,,,,,,,,,,,,1.0,,0.3333333333333333,,0.5,,,,,,,,1.0,,,,,,,,,,,,,,,,,,,,,,,,,,,1610612764,2015,2014-15,False
101162-202066-202322-2403-2446,1610612764,"Marcin Gortat, Garrett Temple, John Wall, Nene, Rasual Butler","Gortat, Temple, Wall, Nene, Butler",101162-202066-202322-2403-2446,WAS,207.0,2,3.0,-2.0,5.0,5.0,2.0,,10.0,1.0,,1.0,,4.0,6.0,,,2.0,1.0,1.0,,,,4.0,2.0,2.0,,0.4,0.3333333333333333,0.2,69.56521739130434,17.8,23.6,16.2,18.6,0.2,,0.6,0.45877999999999997,0.377,0.5,26.6,0.4,2.0,2.0,1.0,1.0,2.0,4.0,1.0,3.0,2.0,,,1.0,,,,,0.5,0.3333333333333333,0.4,0.3333333333333333,,0.4,1.0,1.0,0.3333333333333333,1.0,,,10.5,2.0,,,,,1.0,,,,1.0,,1.0,1.0,,,,,,,,,0.4,,1.0,,,,,,,,,,,1.0,,,2.0,,1.0,1.0,1.0,,2.0,1.0,,1.0,2.0,2.0,1.0,,,0.5,0.5,,,,,,,0.5,,0.3333333333333333,,0.5,,,0.5,,,,,,,,,,,,,0.4073,,,,,,,,,,,,,,,,,,,,,,,,,,,1.0,,,,,,,,,,,,,,,,,,,,,,,,,,,,,,,,,,,,,,,,,,,,,,,,,,1610612764,2015,2014-15,False
101162-202066-202322-2446-2743,1610612764,"Marcin Gortat, Garrett Temple, John Wall, Rasual Butler, Kris Humphries","Gortat, Temple, Wall, Butler, Humphries",101162-202066-202322-2446-2743,WAS,211.0,3,4.0,-2.0,5.0,6.0,3.0,2.0,11.0,,,,2.0,6.0,8.0,,2.0,6.0,,1.0,,2.0,,6.0,6.0,3.0,,0.6,1.0,,75.07109004739337,21.0,17.666666666666668,21.0,16.833333333333332,,,0.25,0.4502,0.3976,1.0,,0.6,,1.0,,,2.0,4.0,2.0,2.0,2.0,,,,,,1.0,,0.5,1.0,0.5,1.0,,0.25,,,,,0.2,,13.875,3.0,,,,,,,,1.0,,,,,,,,,,,,,0.75,0.2,,,,,2.0,,,,,,,,,,2.0,,1.0,1.0,,,2.0,,,,,,,,,0.5,0.5,,,,,,,,,,,,,,,,,,,0.6666666666666666,0.6666666666666666,,,,,,,,,,,,,,,,,,,,,,,,,,,1.0,,,0.5,,,,,,,,,,,,,,,,,,,,,,,,,,,,,,,,,,,,,,,,,,,,,,,,,,,,,,1610612764,2015,2014-15,False
101162-202066-203078-203490-2743,1610612764,"Marcin Gortat, Garrett Temple, Bradley Beal, Otto Porter Jr., Kris Humphries","Gortat, Temple, Beal, Porter Jr., Humphries",101162-202066-203078-203490-2743,WAS,78.0,1,1.0,-3.0,3.0,2.0,3.0,,5.0,,,,,2.0,5.0,,,2.0,,,,,,2.0,2.0,3.0,,0.5,0.5,,92.3076923076923,13.0,19.5,13.0,19.5,,,,0.34335,0.34335,1.0,,1.0,,,,,1.0,2.0,1.0,2.0,,,,1.0,1.0,,,,0.5,0.5,0.5,0.5,,,,,,,,,19.45,2.0,,,,,,,,,,,,,,,,,,,,,1.0,,,,,,1.0,,,,,,,,,,2.0,,1.0,1.0,,,2.0,,,,,,1.0,,,1.0,1.0,,,,,,,,,,,,,,,,,,,0.5,0.5,,,,,,,,,,,,,,,,,,,,,,,,,,,1.0,,,1.0,,,,1.0,,,,,,,,,,,,,,,,,,,,,,,,,,,,,,,,,,,,,,,,,,,,,,,,,,1610612764,2015,2014-15,False
101162-202322-202338-203078-203490,1610612764,"Marcin Gortat, John Wall, Kevin Seraphin, Bradley Beal, Otto Porter Jr.","Gortat, Wall, Seraphin, Beal, Porter Jr.",101162-202322-202338-203078-203490,WAS,108.0,1,2.0,-3.0,4.0,3.0,,3.0,7.0,,,1.0,,,3.0,,,,,,,,,,,,,,,0.2,93.33333333333333,17.25,13.0,16.75,11.0,,,0.6,0.5023299999999999,,,23.4,,,2.0,,,,4.0,,,,1.0,,1.0,,,,,,,,,1.0,0.4,,,,,,,7.575,1.0,2.0,1.0,,2.0,4.0,,,,2.0,2.0,,2.0,,0.5,0.5,,0.5,0.6666666666666666,0.5,,0.2,,1.0,2.0,,1.0,,,1.0,,,,,2.0,,,,,,,,,,1.0,1.0,2.0,,,,1.0,,,,,,,,,,0.25,1.0,0.4,0.5,,,1.0,,0.2,,,,,,0.2,,,1.0,,,0.5452,,,,,,,,,1.0,,,,,0.3333333333333333,,,,,,,,,,,1.0,0.5,,,,,,,,,,,,1.0,,1.0,,1.0,,,,,,,1.0,,,,,,,,,,,,,,,,,,,,,,,,,,,,1610612764,2015,2014-15,False
101162-202322-202338-203490-2446,1610612764,"Marcin Gortat, John Wall, Kevin Seraphin, Otto Porter Jr., Rasual Butler","Gortat, Wall, Seraphin, Porter Jr., Butler",101162-202322-202338-203490-2446,WAS,594.0,3,10.0,-2.0,19.0,21.0,,10.0,40.0,3.0,,6.0,2.0,19.0,21.0,,,,3.0,2.0,1.0,2.0,,19.0,,,,0.5,,0.3333333333333333,96.96969696969697,13.31578947368421,16.238095238095237,12.631578947368421,15.476190476190476,0.16666666666666666,,0.6111111111111112,0.524725,,,24.46666666666667,,3.0,5.0,,,7.0,12.0,,,8.0,,,1.0,,2.0,4.0,,0.5833333333333334,,0.4722222222222222,,,0.2777777777777778,0.6,0.6,,,0.05263157894736842,,8.591666666666667,3.0,1.0,5.0,1.0,11.0,12.0,,,1.0,1.0,1.0,,1.0,,0.08333333333333333,,1.0,1.0,0.8333333333333334,1.0,1.0,0.16666666666666666,0.07692307692307693,1.0,,1.0,4.0,3.0,1.0,3.0,,,1.0,,1.0,,,6.0,,3.0,4.0,2.0,,9.0,,5.0,1.0,,,1.0,,1.0,0.42857142857142855,0.42857142857142855,0.16666666666666666,,0.16666666666666666,,,,,0.7142857142857143,0.1,,,0.7142857142857143,,0.6666666666666666,0.2222222222222222,0.25,0.3333333333333333,,1.0,1.0,0.16666666666666666,0.3333333333333333,0.3333333333333333,,,,0.3877,,,,3.0,,,1.0,1.0,,,1.0,,,,1.0,,,,,1.0,,1.0,0.3333333333333333,,1.0,1.0,,,,,,,,,,,,1.0,,0.2,,0.5,,,,,,,0.25,,,,,,,,,,,,,,,,,,,,,,,,,,,,1610612764,2015,2014-15,False
101162-202322-203078-203490-2400,1610612764,"Marcin Gortat, John Wall, Bradley Beal, Otto Porter Jr., Drew Gooden","Gortat, Wall, Beal, Porter Jr., Gooden",101162-202322-203078-203490-2400,WAS,4301.0,10,72.0,26.0,127.0,129.0,35.0,30.0,256.0,19.0,5.0,27.0,8.0,139.0,113.0,8.0,4.0,38.0,19.0,16.0,,10.0,,126.0,38.0,35.0,,0.5387596899224806,0.5277777777777778,0.216,85.71029993024878,16.212598425196852,17.37984496124031,15.196850393700787,16.488372093023255,0.152,0.14705882352941177,0.536,0.5082508,0.4791544117647059,0.2733812949640288,24.996296296296297,0.2755905511811024,25.0,40.0,5.0,9.0,49.0,98.0,11.0,26.0,34.0,6.0,5.0,18.0,3.0,9.0,18.0,,0.5,0.4230769230769231,0.524,0.5,0.3333333333333333,0.32,0.625,0.7142857142857143,0.2647058823529412,0.5555555555555556,0.046511627906976744,,9.456122448979592,36.0,7.0,37.0,2.0,54.0,72.0,,3.0,6.0,5.0,4.0,1.0,6.0,2.0,0.07142857142857142,0.125,0.6666666666666666,0.8043478260869565,0.7878787878787878,0.7777777777777778,0.75,0.288,0.058823529411764705,14.0,4.0,12.0,22.0,12.0,5.0,8.0,2.0,3.0,11.0,3.0,11.0,13.0,4.0,64.0,6.0,32.0,41.0,20.0,4.0,91.0,12.0,15.0,18.0,13.0,2.0,12.0,1.0,1.0,0.6530612244897959,0.6808510638297872,0.4074074074074074,0.5,0.4074074074074074,0.2727272727272727,0.375,0.40625,0.2727272727272727,0.75,0.2833333333333333,0.3333333333333333,0.30434782608695654,0.6923076923076923,0.8571428571428571,0.8,0.176,0.5454545454545454,0.5714285714285714,0.3333333333333333,0.3333333333333333,0.34285714285714286,0.064,0.625,0.625,0.25,0.08823529411764706,0.6666666666666666,0.5002666666666667,0.09352517985611511,6.0,2.0,27.0,6.0,,9.0,5.0,,2.0,0.8181818181818182,,,,1.0,0.3157894736842105,0.3157894736842105,0.4,0.3157894736842105,8.0,2.0,0.84,0.6666666666666666,11.0,4.0,0.6666666666666666,,3.0,,1.0,1.0,,1.0,4.0,2.0,5.0,4.0,5.0,0.4,0.3125,0.1111111111111111,0.3333333333333333,0.6666666666666666,0.25,0.25,,1.0,0.3076923076923077,0.045454545454545456,4.0,3.0,,4.0,2.0,4.0,,,,0.5,1.0,0.5,0.027777777777777776,,1.0,0.0625,,0.5,1.0,1.0,1.0,,,,,,,1610612764,2015,2014-15,False
101162-202322-203078-203490-2403,1610612764,"Marcin Gortat, John Wall, Bradley Beal, Otto Porter Jr., Nene","Gortat, Wall, Beal, Porter Jr., Nene",101162-202322-203078-203490-2403,WAS,3695.0,12,62.0,18.0,118.0,112.0,16.0,16.0,230.0,15.0,2.0,23.0,14.0,127.0,109.0,5.0,,14.0,15.0,21.0,,24.0,,108.0,14.0,16.0,,0.5669642857142857,0.5384615384615384,0.22772277227722773,89.63464140730717,14.516949152542374,17.696428571428573,13.610169491525424,17.098214285714285,0.1485148514851485,0.15384615384615385,0.5544554455445545,0.5235490099009901,0.4996307692307692,0.11023622047244094,24.952173913043477,0.13559322033898305,24.0,33.0,2.0,3.0,43.0,78.0,4.0,8.0,24.0,15.0,7.0,21.0,3.0,8.0,15.0,,0.5512820512820513,0.5,0.5594059405940595,0.5384615384615384,0.7142857142857143,0.32673267326732675,0.7272727272727273,0.8,0.23076923076923078,0.6666666666666666,0.11607142857142858,,9.328205128205129,32.0,3.0,30.0,,47.0,61.0,1.0,1.0,13.0,5.0,2.0,3.0,5.0,1.0,0.038461538461538464,0.09090909090909091,,0.8333333333333334,0.7966101694915254,0.7272727272727273,0.9166666666666666,0.31683168316831684,0.14606741573033707,13.0,7.0,4.0,13.0,15.0,3.0,8.0,2.0,3.0,9.0,6.0,11.0,19.0,2.0,62.0,,31.0,40.0,16.0,4.0,89.0,10.0,17.0,14.0,10.0,3.0,6.0,8.0,1.0,0.7209302325581395,0.775,0.391304347826087,0.4,0.391304347826087,0.5454545454545454,0.6923076923076923,0.6785714285714286,0.29411764705882354,0.7391304347826086,0.2978723404255319,0.3333333333333333,0.29411764705882354,0.75,0.6666666666666666,0.6666666666666666,0.12871287128712872,0.3076923076923077,0.3076923076923077,1.0,0.46875,0.46875,0.07920792079207921,0.375,0.375,0.5384615384615384,0.23076923076923078,0.6666666666666666,0.5342888888888889,0.14960629921259844,6.0,,27.0,6.0,,9.0,3.0,1.0,,1.0,,,0.022727272727272728,1.0,0.4,0.4,,0.4,11.0,2.0,0.8461538461538461,0.7333333333333333,7.0,2.0,0.4,,,,,,,2.0,2.0,2.0,2.0,6.0,4.0,1.0,0.3076923076923077,0.25,0.6,1.0,0.15384615384615385,1.0,1.0,1.0,0.125,,,,,2.0,5.0,6.0,,,,0.7142857142857143,,,,,,,,0.4,,,,,,,,,,1610612764,2015,2014-15,False
101162-202322-203078-203490-2446,1610612764,"Marcin Gortat, John Wall, Bradley Beal, Otto Porter Jr., Rasual Butler","Gortat, Wall, Beal, Porter Jr., Butler",101162-202322-203078-203490-2446,WAS,180.0,5,3.0,-1.0,8.0,6.0,7.0,6.0,14.0,3.0,2.0,3.0,3.0,5.0,6.0,2.0,3.0,5.0,3.0,3.0,1.0,4.0,1.0,5.0,5.0,7.0,1.0,0.3125,0.35714285714285715,0.5,112.0,13.0,12.666666666666666,12.125,12.166666666666666,0.5,0.4,0.8333333333333334,0.414825,0.44088000000000005,1.0,26.433333333333334,0.875,1.0,2.0,1.0,2.0,1.0,3.0,1.0,3.0,,,,1.0,1.0,1.0,4.0,,0.3333333333333333,0.3333333333333333,0.16666666666666666,0.2,,0.3333333333333333,0.5,1.0,0.4,0.5,0.14285714285714285,,5.066666666666666,,2.0,1.0,2.0,3.0,4.0,,,1.0,,,,,,0.6666666666666666,0.5,1.0,0.5,0.5,1.0,,,0.25,1.0,,,1.0,,,,,,,,,,,2.0,,1.0,1.0,1.0,,2.0,,,1.0,1.0,,1.0,,,1.0,1.0,,,,,,,,,0.2,,,,,1.0,0.16666666666666666,,,,,,,,,,,,0.41895,,,,,,1.0,,,,,,0.3333333333333333,0.3333333333333333,,,,,,,,,,,1.0,,,,,,,,,,1.0,,1.0,,1.0,,0.3333333333333333,,,,1.0,,,,0.3333333333333333,1.0,,,,1.0,,,,,,,,,,,,,,,,,,,,,,,,1610612764,2015,2014-15,False
101162-202322-203078-203490-2743,1610612764,"Marcin Gortat, John Wall, Bradley Beal, Otto Porter Jr., Kris Humphries","Gortat, Wall, Beal, Porter Jr., Humphries",101162-202322-203078-203490-2743,WAS,3514.0,18,59.0,10.0,111.0,114.0,51.0,38.0,225.0,16.0,8.0,18.0,21.0,129.0,119.0,10.0,17.0,63.0,16.0,26.0,,35.0,6.0,114.0,63.0,51.0,6.0,0.5245901639344263,0.5526315789473685,0.16981132075471697,92.20261809903243,15.144144144144144,16.07894736842105,14.243243243243244,15.657894736842104,0.1509433962264151,0.18181818181818182,0.46226415094339623,0.510247641509434,0.5038045454545454,0.4883720930232558,25.316666666666666,0.4594594594594595,23.0,31.0,7.0,10.0,42.0,88.0,17.0,34.0,40.0,11.0,10.0,14.0,6.0,11.0,26.0,,0.4772727272727273,0.5,0.5094339622641509,0.5227272727272727,0.7857142857142857,0.29245283018867924,0.7419354838709677,0.7666666666666667,0.22727272727272727,0.7,0.10344827586206896,,9.947727272727272,38.0,3.0,32.0,3.0,44.0,68.0,1.0,2.0,12.0,2.0,2.0,,2.0,2.0,0.03409090909090909,0.03225806451612903,1.0,0.7619047619047619,0.7884615384615384,0.45454545454545453,0.8333333333333334,0.3584905660377358,0.12244897959183673,17.0,9.0,3.0,19.0,16.0,1.0,2.0,1.0,2.0,8.0,5.0,15.0,15.0,4.0,44.0,6.0,22.0,28.0,13.0,1.0,62.0,17.0,9.0,24.0,11.0,,3.0,1.0,1.0,0.5238095238095238,0.55,0.4444444444444444,0.4,0.4444444444444444,0.3333333333333333,0.29411764705882354,0.35714285714285715,0.3695652173913043,0.9,0.4107142857142857,0.625,0.18181818181818182,0.8888888888888888,1.0,0.5652173913043478,0.1792452830188679,0.15789473684210525,0.16666666666666666,0.3333333333333333,0.42105263157894735,0.43243243243243246,0.018867924528301886,0.5,0.5,0.5294117647058824,0.045454545454545456,0.5,0.5422178571428572,0.11627906976744186,7.0,3.0,18.0,7.0,,6.0,,1.0,2.0,0.75,,,0.018867924528301886,,0.4375,0.4375,0.375,0.4375,8.0,2.0,0.8947368421052632,0.5,11.0,1.0,0.5,,,,,,,,2.0,,2.0,6.0,6.0,,0.6,0.5,1.0,0.8571428571428571,0.11764705882352941,,,5.0,0.5555555555555556,0.05263157894736842,,2.0,,,4.0,4.0,,,1.0,0.4444444444444444,1.0,0.16666666666666666,0.02631578947368421,1.0,,,,0.25,,,,,,,,,,1610612764,2015,2014-15,False
101162-202322-203078-2400-2446,1610612764,"Marcin Gortat, John Wall, Bradley Beal, Drew Gooden, Rasual Butler","Gortat, Wall, Beal, Gooden, Butler",101162-202322-203078-2400-2446,WAS,1850.0,11,31.0,3.0,59.0,58.0,22.0,21.0,117.0,10.0,5.0,12.0,4.0,62.0,59.0,6.0,1.0,24.0,10.0,9.0,,6.0,1.0,54.0,24.0,22.0,1.0,0.5081967213114754,0.631578947368421,0.20689655172413793,91.07027027027027,15.627118644067796,16.0,14.186440677966102,14.53448275862069,0.1724137931034483,0.2777777777777778,0.5172413793103449,0.4867525862068966,0.4529833333333333,0.3870967741935484,25.791666666666668,0.3728813559322034,9.0,18.0,3.0,4.0,20.0,46.0,7.0,12.0,22.0,6.0,4.0,11.0,7.0,3.0,12.0,,0.43478260869565216,0.5833333333333334,0.5,0.6388888888888888,0.5454545454545454,0.3103448275862069,0.5,0.5,0.2222222222222222,0.75,0.03333333333333333,,10.07391304347826,19.0,3.0,19.0,1.0,24.0,37.0,,,2.0,4.0,1.0,3.0,4.0,3.0,0.06521739130434782,,0.5,0.8636363636363636,0.71875,0.75,0.8571428571428571,0.3275862068965517,0.041666666666666664,10.0,5.0,4.0,9.0,7.0,,2.0,,1.0,6.0,2.0,9.0,8.0,3.0,18.0,3.0,9.0,14.0,4.0,3.0,33.0,10.0,4.0,13.0,3.0,1.0,5.0,2.0,2.0,0.45,0.47368421052631576,0.5,0.5,0.5,0.2222222222222222,0.3181818181818182,0.3333333333333333,0.38461538461538464,0.4,0.375,0.3333333333333333,0.16666666666666666,0.4,,0.4444444444444444,0.15517241379310345,0.4444444444444444,0.5714285714285714,0.75,0.3684210526315789,0.3888888888888889,0.034482758620689655,,,0.45454545454545453,0.05555555555555555,,0.4596777777777778,0.12903225806451613,6.0,3.0,15.0,6.0,,5.0,,1.0,1.0,0.8333333333333334,,,0.034482758620689655,,0.6,0.6,0.6,0.6,2.0,,0.9090909090909091,0.2857142857142857,2.0,2.0,0.5,1.0,,,,,,1.0,2.0,1.0,2.0,5.0,2.0,0.5,0.3333333333333333,1.0,1.0,0.8333333333333334,0.18181818181818182,0.5,1.0,1.0,,0.2222222222222222,3.0,,,1.0,2.0,2.0,,,,0.4,1.0,1.0,0.05263157894736842,,,,,,,,,,,,,,,1610612764,2015,2014-15,False
101162-202322-203078-2403-2446,1610612764,"Marcin Gortat, John Wall, Bradley Beal, Nene, Rasual Butler","Gortat, Wall, Beal, Nene, Butler",101162-202322-203078-2403-2446,WAS,2363.0,21,39.0,20.0,80.0,81.0,27.0,23.0,161.0,5.0,1.0,8.0,11.0,80.0,60.0,3.0,4.0,24.0,5.0,11.0,,13.0,1.0,69.0,24.0,27.0,1.0,0.512987012987013,0.5,0.11267605633802817,98.1125687685146,13.8,15.54320987654321,13.425,14.641975308641975,0.07042253521126761,0.045454545454545456,0.5070422535211268,0.5036647887323944,0.47211136363636363,0.3,25.2125,0.3375,14.0,28.0,3.0,7.0,30.0,63.0,10.0,19.0,26.0,5.0,3.0,13.0,6.0,5.0,15.0,,0.47619047619047616,0.5263157894736842,0.4859154929577465,0.45454545454545453,0.38461538461538464,0.39436619718309857,0.5,0.6086956521739131,0.3181818181818182,0.42857142857142855,0.06578947368421052,,8.96984126984127,22.0,6.0,29.0,3.0,42.0,53.0,,3.0,5.0,3.0,2.0,1.0,3.0,1.0,0.09523809523809523,0.17857142857142858,1.0,0.7435897435897436,0.7358490566037735,0.5714285714285714,0.8,0.30985915492957744,0.07352941176470588,10.0,5.0,5.0,13.0,11.0,1.0,3.0,,2.0,3.0,2.0,6.0,11.0,,34.0,3.0,17.0,19.0,8.0,4.0,40.0,11.0,10.0,11.0,6.0,1.0,8.0,2.0,1.0,0.5666666666666667,0.5862068965517241,0.375,,0.375,0.3333333333333333,0.4375,0.55,0.3333333333333333,0.7142857142857143,0.2894736842105263,0.35714285714285715,0.2727272727272727,0.6363636363636364,1.0,0.5714285714285714,0.18309859154929578,0.38461538461538464,0.4166666666666667,0.8,0.5,0.5,0.04225352112676056,0.3333333333333333,0.3333333333333333,0.625,0.09090909090909091,,0.54968125,0.1375,2.0,,6.0,2.0,,2.0,1.0,1.0,,0.6666666666666666,,,0.03125,1.0,0.4,0.4,,0.4,5.0,,0.7647058823529411,0.45454545454545453,5.0,2.0,0.6666666666666666,3.0,,,,,,1.0,2.0,1.0,2.0,1.0,,0.5,,0.375,,0.5,0.25,0.5,1.0,4.0,,0.07692307692307693,3.0,,,2.0,2.0,2.0,1.0,,1.0,0.4,,,,1.0,,,,0.5,,,,,,,,,,1610612764,2015,2014-15,False
101162-202322-203078-2446-2743,1610612764,"Marcin Gortat, John Wall, Bradley Beal, Rasual Butler, Kris Humphries","Gortat, Wall, Beal, Butler, Humphries",101162-202322-203078-2446-2743,WAS,3681.0,22,61.0,,115.0,117.0,33.0,42.0,232.0,13.0,4.0,32.0,9.0,127.0,127.0,11.0,3.0,32.0,12.0,19.0,4.0,10.0,1.0,112.0,32.0,33.0,1.0,0.5427350427350427,0.47058823529411764,0.2831858407079646,90.75794621026894,16.85217391304348,14.897435897435898,16.078260869565216,13.717948717948717,0.11504424778761062,0.125,0.5309734513274337,0.5062102678571428,0.4925193548387097,0.25196850393700787,25.86875,0.28695652173913044,14.0,28.0,3.0,7.0,35.0,81.0,7.0,21.0,30.0,9.0,5.0,12.0,4.0,16.0,22.0,,0.43209876543209874,0.3333333333333333,0.5221238938053098,0.453125,0.75,0.24778761061946902,0.5,0.5384615384615384,0.21875,0.42857142857142855,0.04310344827586207,,10.34320987654321,35.0,3.0,31.0,6.0,47.0,61.0,1.0,2.0,5.0,8.0,3.0,4.0,9.0,4.0,0.037037037037037035,0.07142857142857142,0.8571428571428571,0.6078431372549019,0.6212121212121212,0.5,0.631578947368421,0.30973451327433627,0.05952380952380952,13.0,6.0,7.0,18.0,14.0,12.0,19.0,5.0,7.0,16.0,5.0,10.0,15.0,5.0,40.0,3.0,20.0,35.0,8.0,3.0,85.0,9.0,10.0,14.0,7.0,3.0,3.0,4.0,,0.5714285714285714,0.6060606060606061,0.5,0.45454545454545453,0.5161290322580645,0.5,0.5416666666666666,0.5769230769230769,0.1956521739130435,0.6666666666666666,0.22950819672131148,0.21428571428571427,0.23809523809523808,0.7,0.6,0.5714285714285714,0.1592920353982301,0.3888888888888889,0.3888888888888889,0.42857142857142855,0.4,0.4117647058823529,0.168141592920354,0.631578947368421,0.631578947368421,0.5,0.21875,0.7142857142857143,0.5119055555555555,0.11811023622047244,4.0,,45.0,4.0,,15.0,12.0,3.0,2.0,0.9375,,,0.05172413793103448,1.0,0.3076923076923077,0.3076923076923077,,0.3333333333333333,9.0,2.0,0.6666666666666666,0.6428571428571429,4.0,4.0,0.4444444444444444,,1.0,1.0,1.0,,,,1.0,1.0,2.0,3.0,5.0,0.5,0.3333333333333333,0.09090909090909091,0.2857142857142857,0.75,0.08333333333333333,,,2.0,0.375,,1.0,2.0,1.0,,2.0,4.0,1.0,,,0.3333333333333333,,,0.02857142857142857,,1.0,0.08333333333333333,,,1.0,1.0,1.0,,,,1.0,1.0,,1610612764,2015,2014-15,False
101162-202322-203318-203490-2743,1610612764,"Marcin Gortat, John Wall, Glen Rice, Otto Porter Jr., Kris Humphries","Gortat, Wall, Rice, Porter Jr., Humphries",101162-202322-203318-203490-2743,WAS,17.0,1,,,,1.0,,,1.0,,,,,,,,,,,,,,,,,,,,,,84.70588235294117,,17.0,,16.0,,,,,,,,,,,,,,,,,,,,,,,,,,,,,,,,,,,,,,,,,,,,,,,,,,,,,,,,,,,,,,,,,,,,,,,,,,,,,,,,,,,,,,,,,,,,,,,,,,,,,,,,,,,,,,,,,,,,,,,,,,,,,,,,,,,,,,,,,,,,,,,,,,,,,,,,,,,,,,,,,,,,,,,,,,,,,,,,,,,,,,,,,,,,,,,,,,,1610612764,2015,2014-15,False
101162-202322-203490-2400-2446,1610612764,"Marcin Gortat, John Wall, Otto Porter Jr., Drew Gooden, Rasual Butler","Gortat, Wall, Porter Jr., Gooden, Butler",101162-202322-203490-2400-2446,WAS,890.0,7,15.0,-1.0,29.0,28.0,8.0,13.0,57.0,3.0,,5.0,2.0,33.0,34.0,,,8.0,3.0,3.0,,3.0,,26.0,8.0,8.0,,0.515625,0.5,0.16129032258064516,92.2247191011236,15.620689655172415,15.607142857142858,14.137931034482758,15.607142857142858,0.0967741935483871,,0.5161290322580645,0.5022870967741936,0.4921875,0.24242424242424243,24.5,0.27586206896551724,7.0,11.0,2.0,2.0,11.0,26.0,4.0,8.0,10.0,1.0,,3.0,1.0,3.0,3.0,,0.4230769230769231,0.5,0.5,0.5,0.3333333333333333,0.3548387096774194,0.6363636363636364,0.6363636363636364,0.25,1.0,0.0625,,9.853846153846153,11.0,,6.0,1.0,11.0,17.0,,,2.0,1.0,,,1.0,,,,1.0,0.8571428571428571,0.8333333333333334,1.0,0.5,0.3548387096774194,0.07407407407407407,5.0,2.0,1.0,4.0,3.0,2.0,2.0,,,3.0,2.0,4.0,7.0,,12.0,,6.0,9.0,4.0,,21.0,5.0,4.0,6.0,2.0,1.0,2.0,1.0,,0.5454545454545454,0.6666666666666666,0.6,,0.6,0.5,0.7,0.7,0.3333333333333333,0.8,0.35294117647058826,0.75,0.25,0.6666666666666666,1.0,0.5714285714285714,0.12903225806451613,0.25,0.25,,0.2727272727272727,0.2727272727272727,0.06451612903225806,1.0,1.0,0.4,,,0.5170375,0.21212121212121213,1.0,,9.0,1.0,,3.0,2.0,1.0,1.0,1.0,,,0.058823529411764705,1.0,0.3333333333333333,0.3333333333333333,,0.3333333333333333,2.0,1.0,1.0,0.6666666666666666,1.0,1.0,1.0,1.0,1.0,1.0,,,,,,1.0,1.0,1.0,1.0,1.0,0.5,,,1.0,,,,,0.5,,,,,,1.0,4.0,,,,0.5,,,,,1.0,0.2,,,1.0,1.0,1.0,,,,,,,1610612764,2015,2014-15,False
101162-202322-203490-2403-2446,1610612764,"Marcin Gortat, John Wall, Otto Porter Jr., Nene, Rasual Butler","Gortat, Wall, Porter Jr., Nene, Butler",101162-202322-203490-2403-2446,WAS,450.0,6,8.0,-6.0,16.0,16.0,5.0,9.0,32.0,2.0,1.0,2.0,5.0,13.0,19.0,1.0,2.0,4.0,2.0,4.0,,6.0,1.0,13.0,4.0,5.0,1.0,0.43333333333333335,0.4,0.16666666666666666,102.4,15.375,12.75,14.3125,11.0625,0.16666666666666666,0.25,0.4166666666666667,0.4735958333333334,0.5101875,0.3076923076923077,26.1,0.3125,1.0,3.0,1.0,1.0,4.0,10.0,1.0,3.0,2.0,1.0,1.0,2.0,1.0,2.0,4.0,,0.4,0.3333333333333333,0.3333333333333333,0.25,0.5,0.25,0.3333333333333333,0.3333333333333333,0.25,1.0,0.14285714285714285,,10.92,5.0,2.0,1.0,,3.0,5.0,,1.0,2.0,,,,,,0.2,,,1.0,1.0,,,0.4166666666666667,0.16666666666666666,2.0,1.0,,2.0,3.0,,,,,,,1.0,,,6.0,,3.0,3.0,1.0,,6.0,1.0,2.0,2.0,1.0,1.0,1.0,,1.0,0.75,0.75,,,,,,,0.16666666666666666,1.0,0.25,,0.5,1.0,,1.0,0.16666666666666666,,,,0.6,0.75,,,,1.0,,,,,,,,,,,,,1.0,,,,,,,,,,2.0,,1.0,0.6666666666666666,,,,,,,,,,,,,,,1.0,,0.5,,,,,,,,0.5,0.5,1.0,,,,,,,,,,,,0.2,,,,,,,,,,,,,,,1610612764,2015,2014-15,False
101162-202322-203490-2446-2743,1610612764,"Marcin Gortat, John Wall, Otto Porter Jr., Rasual Butler, Kris Humphries","Gortat, Wall, Porter Jr., Butler, Humphries",101162-202322-203490-2446-2743,WAS,2324.0,17,39.0,37.0,79.0,80.0,31.0,40.0,159.0,7.0,3.0,11.0,16.0,105.0,68.0,4.0,9.0,41.0,6.0,16.0,,24.0,1.0,89.0,41.0,31.0,1.0,0.603448275862069,0.5540540540540541,0.14285714285714285,98.51979345955249,13.164556962025317,16.05,12.227848101265822,15.0,0.09090909090909091,0.1,0.5064935064935064,0.5336493421052632,0.51391,0.3904761904761905,27.854545454545452,0.3924050632911392,25.0,28.0,9.0,11.0,40.0,66.0,13.0,26.0,26.0,,,5.0,1.0,4.0,15.0,,0.6060606060606061,0.5,0.577922077922078,0.5333333333333333,,0.36363636363636365,0.8928571428571429,1.0,0.36666666666666664,0.8181818181818182,0.1511627906976744,,10.121212121212121,32.0,3.0,26.0,3.0,39.0,52.0,1.0,1.0,13.0,3.0,3.0,,3.0,5.0,0.045454545454545456,0.10714285714285714,0.6,0.8125,0.8181818181818182,0.7272727272727273,0.875,0.4155844155844156,0.17333333333333334,11.0,6.0,2.0,6.0,13.0,1.0,4.0,1.0,1.0,3.0,7.0,11.0,16.0,2.0,54.0,6.0,27.0,28.0,17.0,1.0,57.0,10.0,10.0,13.0,8.0,4.0,5.0,,1.0,0.675,0.7105263157894737,0.2727272727272727,0.5,0.3,0.6363636363636364,0.6363636363636364,0.6666666666666666,0.4,0.8333333333333334,0.375,0.3333333333333333,0.3888888888888889,0.8888888888888888,0.6666666666666666,0.68,0.07792207792207792,0.3333333333333333,0.3333333333333333,0.5,0.40625,0.40625,0.05194805194805195,0.25,0.25,0.5454545454545454,0.03333333333333333,1.0,0.50566,0.1523809523809524,2.0,1.0,3.0,2.0,,1.0,1.0,1.0,,0.3333333333333333,,,0.034482758620689655,1.0,0.2857142857142857,0.2857142857142857,0.3333333333333333,0.3333333333333333,9.0,4.0,0.8461538461538461,0.6923076923076923,4.0,1.0,0.3333333333333333,1.0,,,,,,,,,,,2.0,,0.2857142857142857,0.5,0.6666666666666666,,,,,2.0,,,,1.0,1.0,2.0,5.0,4.0,,,,0.8333333333333334,1.0,0.25,,,,,,0.4,,,,,1.0,,,,,1610612764,2015,2014-15,False
101198-1718-202338-203078-2400,1610612764,"Will Bynum, Paul Pierce, Kevin Seraphin, Bradley Beal, Drew Gooden","Bynum, Pierce, Seraphin, Beal, Gooden",101198-1718-202338-203078-2400,WAS,38.0,1,1.0,,1.0,,1.0,,1.0,,,,,,,,,,,,,,,,,1.0,,,,,37.89473684210527,24.0,,24.0,,,,,,,,,1.0,,,,,,,,,,,,1.0,1.0,,,,,,,,,,,,,,,,,,,,,,,,,,,,,,,,,,,,,,,,,,,,,,,,,,,,,,,,,,,,,,,,,,1.0,,,,,,,,,,,,,,,,,,,,,,,,,,,,,,,,,,,,,,,,,,,,,,,,,,,,,,,,,,,,,,,,,,,,,,,,,,,,,,,,,,,,,,,,,,,,,,,,,,,,,,,,,,,,1610612764,2015,2014-15,False
101198-1718-202338-203078-2743,1610612764,"Will Bynum, Paul Pierce, Kevin Seraphin, Bradley Beal, Kris Humphries","Bynum, Pierce, Seraphin, Beal, Humphries",101198-1718-202338-203078-2743,WAS,20.0,1,,-2.0,,1.0,,1.0,1.0,,,,,,2.0,,,,,,,,,,,,,,,,72.0,,20.0,,20.0,,,,,,,,,,,,,,,,,,,,,,,1.0,,,,,,,,,,,,,,,,,,,,,,1.0,,,,,,1.0,,,,,,,,,,,,,,,,,,,,,,,,,,,,,,,,,,,,,,,,,,,,,,,,,,,,,,,,,,,,,,,,,,,,,,,,,,,,,,,,,,,,,,,,,,,,,,,,,,,,,,,,,,,,,,,,,,,,,,,,,,,,,,,,,,,,,,,,,,,,,,,,1610612764,2015,2014-15,False
101198-201196-202338-203490-2400,1610612764,"Will Bynum, Ramon Sessions, Kevin Seraphin, Otto Porter Jr., Drew Gooden","Bynum, Sessions, Seraphin, Porter Jr., Gooden",101198-201196-202338-203490-2400,WAS,57.0,1,1.0,-1.0,2.0,2.0,2.0,2.0,4.0,,,,,,1.0,,,,,,,,,,,2.0,,,,,101.05263157894737,7.5,21.0,7.5,10.5,,,,,,,,1.0,,,,,,,,,,,,1.0,1.0,1.0,2.0,,,,,,,,,,,,,,,,,,1.0,2.0,2.0,,,,,,,,,,,1.0,,0.5,,,,,,,,,,,,,,,,,,,,,,,,,,,1.0,,,,1.0,,1.0,,,,,,,,,,1.0,,,,1.0,,,,,,,,,,,,,,,,,,,,,,,,,,,,,,,,,,,,,,,,,,,,,,,,,,,,,,,,,,,,,,,,,,,,,,,,,,,,,,,,,,,,,,,,,,,,1610612764,2015,2014-15,False
101198-201196-202338-203490-2446,1610612764,"Will Bynum, Ramon Sessions, Kevin Seraphin, Otto Porter Jr., Rasual Butler","Bynum, Sessions, Seraphin, Porter Jr., Butler",101198-201196-202338-203490-2446,WAS,2.0,1,,,,,,,,,,,,,,,,,,,,,,,,,,,,,,,,,,,,,,,,,,,,,,,,,,,,,,,,,,,,,,,,,,,,,,,,,,,,,,,,,,,,,,,,,,,,,,,,,,,,,,,,,,,,,,,,,,,,,,,,,,,,,,,,,,,,,,,,,,,,,,,,,,,,,,,,,,,,,,,,,,,,,,,,,,,,,,,,,,,,,,,,,,,,,,,,,,,,,,,,,,,,,,,,,,,,,,,,,,,,,,,,,,,,1610612764,2015,2014-15,False
101198-202338-203078-203490-2400,1610612764,"Will Bynum, Kevin Seraphin, Bradley Beal, Otto Porter Jr., Drew Gooden","Bynum, Seraphin, Beal, Porter Jr., Gooden",101198-202338-203078-203490-2400,WAS,85.0,1,1.0,-8.0,2.0,3.0,,,5.0,1.0,,1.0,,,8.0,,,,1.0,,,,,,,,,,,1.0,84.70588235294117,16.5,17.333333333333332,16.5,17.333333333333332,1.0,,1.0,0.5268,,,24.3,,,,,,,,,,,,,1.0,,1.0,2.0,,,,,,,,,,,,,,,,,,,,,,,,,,,,,,,,,,,,,,,,,,,,,,,,,,,,,,,,,,,,,,,,1.0,,,,,,,,,,,,,,,,,,,,,,,,,,,,,,,,,,,,,,,,,,,,,,,,,,,,,,,,,,,,,,,,,,,,,,,,,,,,,,,,,,,,,,,,,,,,,,,,,,,,,,,,,,,,1610612764,2015,2014-15,False
101198-202338-203078-203490-2743,1610612764,"Will Bynum, Kevin Seraphin, Bradley Beal, Otto Porter Jr., Kris Humphries","Bynum, Seraphin, Beal, Porter Jr., Humphries",101198-202338-203078-203490-2743,WAS,165.0,2,3.0,-5.0,6.0,6.0,3.0,2.0,12.0,,,,4.0,6.0,11.0,,2.0,4.0,,5.0,,4.0,1.0,6.0,4.0,3.0,1.0,0.6,1.0,,104.72727272727273,15.666666666666666,11.833333333333334,14.666666666666666,10.333333333333334,,,,0.38456666666666667,0.3597,0.6666666666666666,,0.5,,,,,1.0,3.0,1.0,1.0,,2.0,2.0,2.0,1.0,1.0,1.0,,0.3333333333333333,1.0,0.3333333333333333,1.0,1.0,,,,,,0.25,,16.466666666666665,2.0,,,,1.0,2.0,,,1.0,1.0,1.0,,1.0,,,,,,0.5,,,0.6666666666666666,0.25,1.0,,1.0,1.0,,,,,,,,1.0,,,2.0,,1.0,1.0,,1.0,2.0,1.0,1.0,1.0,,,,,,1.0,1.0,,,,,,,0.5,1.0,0.5,,0.5,,1.0,,0.3333333333333333,1.0,1.0,1.0,,,,,,,,,0.4256,,,,,,,,,,,,,,,,,,,,,,,,,,,,,,,,,,,,,,,,,,,,,,,,,,,,,,,,,,,,,,,,,,,,,,,,,,,,,1610612764,2015,2014-15,False
101198-202338-203490-2400-2446,1610612764,"Will Bynum, Kevin Seraphin, Otto Porter Jr., Drew Gooden, Rasual Butler","Bynum, Seraphin, Porter Jr., Gooden, Butler",101198-202338-203490-2400-2446,WAS,116.0,1,2.0,-4.0,4.0,3.0,,,7.0,1.0,,1.0,,,4.0,,,,1.0,1.0,,,,,,,,,,0.2,86.89655172413794,18.0,14.666666666666666,16.5,14.666666666666666,0.2,,0.6,0.50499,,,25.2,,,2.0,,,,4.0,,,,1.0,1.0,1.0,,,1.0,,,,,,1.0,0.4,,,,,,,3.75,,,1.0,,1.0,3.0,,,,,,,,,,,,1.0,1.0,,1.0,,,2.0,2.0,,2.0,,,,,,,,2.0,,,,,,,,,,1.0,,2.0,,,,,,,,,,,,,,0.3333333333333333,,0.5,,,,,,0.4,,,,,,,,,1.0,,,0.6089,,,,,,,,,,,,,,,,,,,,,,,,,,,,,,,,,,,,,,1.0,,1.0,1.0,,,,,,,1.0,,,,,,,,,,,,,,,,,,,,,,,,,,,,,1610612764,2015,2014-15,False
101198-202338-203490-2446-2743,1610612764,"Will Bynum, Kevin Seraphin, Otto Porter Jr., Rasual Butler, Kris Humphries","Bynum, Seraphin, Porter Jr., Butler, Humphries",101198-202338-203490-2446-2743,WAS,346.0,1,6.0,2.0,11.0,11.0,,,22.0,1.0,,1.0,1.0,16.0,14.0,,,,1.0,2.0,,2.0,,16.0,,,,0.8,,0.1111111111111111,91.5606936416185,15.636363636363637,15.818181818181818,15.636363636363637,15.727272727272727,0.1111111111111111,,0.5555555555555556,0.5198222222222222,,,27.2,,2.0,4.0,,,6.0,8.0,,,4.0,1.0,1.0,1.0,,3.0,4.0,,0.75,,0.8333333333333334,,1.0,0.4444444444444444,0.5,0.5,,,0.1,,7.675,2.0,,1.0,1.0,4.0,4.0,,,1.0,,,,,,,,1.0,0.5,0.75,,1.0,0.2222222222222222,0.1111111111111111,,,2.0,2.0,2.0,,,,,1.0,,,,,8.0,,4.0,5.0,1.0,2.0,11.0,,2.0,,1.0,,,,,0.6666666666666666,0.6666666666666666,1.0,,1.0,,,,,1.0,,,,1.0,1.0,0.5,0.2222222222222222,1.0,1.0,1.0,1.0,1.0,,,,,,,,,1.0,,3.0,1.0,,1.0,,,,1.0,,,,,1.0,1.0,,1.0,1.0,,,0.5,1.0,,,,,,,,,,,,,1.0,,,,,,1.0,,,,,,,,,,,,,,,,,,,,,,,,,,,,,,,,,,1610612764,2015,2014-15,False
1718-1889-202066-202322-203490,1610612764,"Paul Pierce, Andre Miller, Garrett Temple, John Wall, Otto Porter Jr.","Pierce, Miller, Temple, Wall, Porter Jr.",1718-1889-202066-202322-203490,WAS,1.0,1,,2.0,1.0,,1.0,,1.0,,,,2.0,2.0,,,2.0,2.0,,1.0,,2.0,1.0,2.0,2.0,1.0,1.0,1.0,1.0,,1440.0,1.0,,1.0,,,,,,,1.0,,1.0,,,,,,,,,,,,,,,,,,,,,,,,,,,,,,,,,,,,,,,,,,,,,,,,,,,,,,,,,,,,,,,,,,,,,,,,,,,,,,,,,,,,,,,,,,,,,,,,,,,,,,,,,,,,,,,,,,,,,,,,,,,,,,,,,,,,,,,,,,,,,,,,,,,,,,,,,,,,,,,,,,,,,,,,,,,,,,,,,,,,,,,,,,,1610612764,2015,2014-15,False
1718-1889-202322-202338-203490,1610612764,"Paul Pierce, Andre Miller, John Wall, Kevin Seraphin, Otto Porter Jr.","Pierce, Miller, Wall, Seraphin, Porter Jr.",1718-1889-202322-202338-203490,WAS,14.0,1,,-2.0,,1.0,,1.0,1.0,,,,,,2.0,,,,,,,,,,,,,,,,102.85714285714286,,14.0,,14.0,,,,,,,,,,,,,,,,,,,,,,,2.0,,,,,,,,,,,,,,,,,,,,,,,,,,,,1.0,,,,,,,,,,,,,,,,,,,,,,,,,,,,,,,,,,,,,,,,,,,,,,,,,,,,,,,,,,,,,,,,,,,,,,,,,,,,,,,,,,,,,,,,,,,,,,,,,,,,,,,,,,,,,,,,,,,,,,,,,,,,,,,,,,,,,,,,,,,,,,,,1610612764,2015,2014-15,False
1718-1889-202322-203078-2403,1610612764,"Paul Pierce, Andre Miller, John Wall, Bradley Beal, Nene","Pierce, Miller, Wall, Beal, Nene",1718-1889-202322-203078-2403,WAS,,1,,,,,,,,1.0,1.0,1.0,,,,1.0,,,1.0,,,,,,,,,,,1.0,,,,,,1.0,1.0,1.0,,,,38.3,,,,,,,,,,,,,,,,,,,,,,,,,,,,,,,,,,,,,,,,,,,,,,,,,,,,,,,,,,,,,,,,,,,,,,,,,,,,,,,,,,,,,,,,,,,,,,,,,,,,,,,,,,,,,,,,,,,,,,,,,,,,,,,,,,,,,,,,,,,,,,,,,,,,,,,,,,,,,,,,,,,,,,,,,,,,,,,,,,,,,,,,,,,,1610612764,2015,2014-15,False
1718-1889-202322-203078-2446,1610612764,"Paul Pierce, Andre Miller, John Wall, Bradley Beal, Rasual Butler","Pierce, Miller, Wall, Beal, Butler",1718-1889-202322-203078-2446,WAS,,1,,2.0,1.0,,1.0,,1.0,,,,,2.0,,,,2.0,,,,,,2.0,2.0,1.0,,1.0,1.0,,,,,,,,,1.0,0.6998,0.6998,1.0,,1.0,1.0,1.0,1.0,1.0,1.0,1.0,1.0,1.0,,,,,,,,,1.0,1.0,1.0,1.0,,1.0,1.0,1.0,1.0,1.0,,,1.6,,,,,,,,,,,,,,,,,,,,,,,,,,,,,,,,,,,,,,2.0,,1.0,1.0,1.0,,2.0,,,,,,,,,1.0,1.0,,,,,,,,,,,,,,1.0,,,,,,,,,,,,,,,,,,,,,,,,,,,,,,,,,,,,,,,,,,,,,,,,,,,,,,,,,,,,,,,,,,,,,,,,,,,,,,,,,,,,,,,,,,1610612764,2015,2014-15,False
1718-1889-202322-2403-2446,1610612764,"Paul Pierce, Andre Miller, John Wall, Nene, Rasual Butler","Pierce, Miller, Wall, Nene, Butler",1718-1889-202322-2403-2446,WAS,13.0,3,,4.0,2.0,,2.0,,2.0,,,,4.0,4.0,,,4.0,4.0,,4.0,,6.0,3.0,4.0,2.0,1.0,2.0,0.5,0.5,,221.53846153846152,6.5,,6.5,,,,,0.1767,0.1767,1.0,,1.0,,,,,,1.0,,1.0,,,,,,,,,,,,,,,,,,,,,19.6,1.0,1.0,,,,,,,,,,,,,1.0,,,,,,,1.0,,,,,,,,,,,,,,,,,,,,,,,,,,,,,,,,,,,,,,,,,,,,,,,,,,,,,,,,,,,,,,,,,,,,,,,,,,,,,,,,,,,,,,,,,,,,,,,,,,,,,,,,,,,,,,,,,,,,,,,,,1.0,,,,,,,,,,,,,,,1610612764,2015,2014-15,False
1718-1889-202338-203078-2743,1610612764,"Paul Pierce, Andre Miller, Kevin Seraphin, Bradley Beal, Kris Humphries","Pierce, Miller, Seraphin, Beal, Humphries",1718-1889-202338-203078-2743,WAS,128.0,2,2.0,-8.0,4.0,4.0,3.0,,8.0,,,,,2.0,10.0,,,2.0,,,,,,2.0,2.0,3.0,,0.3333333333333333,0.3333333333333333,,90.0,15.0,17.0,15.0,15.5,,,0.6666666666666666,0.6125333333333333,0.6125333333333333,1.0,,0.75,1.0,2.0,1.0,2.0,1.0,3.0,1.0,3.0,,1.0,1.0,1.0,,1.0,1.0,,0.3333333333333333,0.3333333333333333,0.3333333333333333,0.3333333333333333,1.0,0.6666666666666666,0.5,0.5,0.6666666666666666,0.5,,,7.266666666666667,1.0,,,,,,,,,1.0,1.0,,1.0,,,,,,,,,0.3333333333333333,,,,,,,,,,,,,,,,2.0,,1.0,1.0,1.0,,2.0,,,,,,,,,1.0,1.0,,,,,,,,,,,,,,1.0,,,,,,,,,,,,,,,,,,,,,,,,,,,,,,,,,,,,,,,,,,,,,,,,,,,,,,,,,,,,,,,,,,,,,,,,,,,,,,,,,,,,,,,,,,1610612764,2015,2014-15,False
1718-1889-202338-203490-2403,1610612764,"Paul Pierce, Andre Miller, Kevin Seraphin, Otto Porter Jr., Nene","Pierce, Miller, Seraphin, Porter Jr., Nene",1718-1889-202338-203490-2403,WAS,289.0,2,5.0,2.0,9.0,8.0,,4.0,17.0,,,,,10.0,8.0,,,,,2.0,,,,10.0,,,,0.5,,,84.70588235294117,18.444444444444443,15.375,17.666666666666668,14.75,,,0.5,0.44908000000000003,,,,,2.0,5.0,,,5.0,10.0,,,6.0,,,1.0,,,2.0,,0.5,,0.5,,,0.5,0.4,0.6666666666666666,,,,,4.8100000000000005,,3.0,2.0,,3.0,5.0,,,,,,,,1.0,0.3,0.4,,0.5,0.6,,1.0,,,1.0,,3.0,5.0,,,,,,,,2.0,,,4.0,,2.0,2.0,1.0,1.0,4.0,2.0,1.0,2.0,,,1.0,,1.0,0.4,0.4,,,,,,,0.4,1.0,0.4,0.3333333333333333,,1.0,,0.5,0.5,0.6,0.75,0.3333333333333333,,,,,,,,,0.39405,,,,,,,,,,,,,,,,,,,,,,1.0,,,,,,,,,,,,,,,,,,,0.5,,,,,,,,0.2,,1.0,,,,,,,,,,,,,,,,,,,,,,,,,,1610612764,2015,2014-15,False
1718-1889-202338-2403-2446,1610612764,"Paul Pierce, Andre Miller, Kevin Seraphin, Nene, Rasual Butler","Pierce, Miller, Seraphin, Nene, Butler",1718-1889-202338-2403-2446,WAS,260.0,3,4.0,,9.0,8.0,7.0,4.0,17.0,2.0,2.0,2.0,,8.0,8.0,2.0,,8.0,1.0,,,,,4.0,8.0,7.0,,0.4,0.5,0.2,94.15384615384616,14.0,16.75,13.0,16.75,0.2,0.25,0.5,0.4476555555555556,0.45095714285714283,1.0,54.45,0.7777777777777778,2.0,3.0,2.0,3.0,4.0,8.0,4.0,6.0,4.0,2.0,1.0,3.0,2.0,2.0,2.0,,0.5,0.6666666666666666,0.4,0.5,0.6666666666666666,0.3,0.6666666666666666,1.0,0.375,0.6666666666666666,,,12.4125,5.0,1.0,1.0,,4.0,7.0,,,,,,,,,0.125,0.3333333333333333,,1.0,1.0,1.0,,0.5,,3.0,2.0,,,2.0,,,,,,2.0,3.0,4.0,,4.0,,2.0,2.0,1.0,,4.0,2.0,3.0,3.0,1.0,,1.0,1.0,,0.5,0.6666666666666666,,,,0.6666666666666666,0.6666666666666666,0.6666666666666666,0.5,1.0,0.6,1.0,0.3333333333333333,1.0,,0.5,,,,,0.4,0.4,,,,0.6666666666666666,,,0.5016,0.5,,,,,,,,,,,,,,,,,,,1.0,,,0.5,1.0,,,1.0,,,,,,,,,,,1.0,,1.0,,,,,,,,1.0,,,,1.0,,2.0,2.0,,,,1.0,,,,,,,,0.5,,,,,,,,,,1610612764,2015,2014-15,False
1718-1889-203078-2403-2446,1610612764,"Paul Pierce, Andre Miller, Bradley Beal, Nene, Rasual Butler","Pierce, Miller, Beal, Nene, Butler",1718-1889-203078-2403-2446,WAS,10.0,1,,,1.0,,,,1.0,1.0,,1.0,,,,,,,1.0,,,,,,,,,,,1.0,144.0,10.0,,,,1.0,,1.0,0.53655,,,24.7,,,,,,,,,,,,,,,,,,,,,,,,,,,,,,,,,,,,,,,,,,,,,,,,,,,,,,1.0,,,,,,,,,,,,,,,,,,,,,,,,,,,,,,,,,,,,,,,,,,,,,,,,,,,,,,,,,0.53655,,,,,,,,,,,,,,,,,,,,,,,,,,,,,,,,,,1.0,,1.0,,,,,,,,1.0,,,,,,,,,,,,,,,,,,,,,,,,,,,,,,,,,1610612764,2015,2014-15,False
1718-1889-203490-2400-2403,1610612764,"Paul Pierce, Andre Miller, Otto Porter Jr., Drew Gooden, Nene","Pierce, Miller, Porter Jr., Gooden, Nene",1718-1889-203490-2400-2403,WAS,53.0,1,1.0,,2.0,1.0,,,3.0,,,,,,,,,,,1.0,,,,,,,,,,,81.50943396226415,17.5,18.0,17.5,18.0,,,,0.37245,,,,,,,,,,2.0,,,,,,,,,1.0,,,,,,,,,,,,,,13.0,1.0,,,,1.0,1.0,,1.0,,,,,,,,,,,1.0,,,0.5,,,,,1.0,,,,,,,,,,,,,,,,,,,1.0,,,,,,,,,,,,,,,,1.0,,,,1.0,,,0.5,,,,,,,,,,,,,,,,,,,,,,,,,,,,,,,,,,,,,,,,,,,,,,,,,,,,,,,,,,,,,,,,,,,,,,,,,,,,,,,,,,,,,,,,,1610612764,2015,2014-15,False
1718-201196-202066-202322-2403,1610612764,"Paul Pierce, Ramon Sessions, Garrett Temple, John Wall, Nene","Pierce, Sessions, Temple, Wall, Nene",1718-201196-202066-202322-2403,WAS,46.0,1,1.0,-1.0,1.0,2.0,,1.0,3.0,,,,1.0,1.0,2.0,,,,,1.0,,2.0,,1.0,,,,0.5,,,93.91304347826086,33.0,6.5,33.0,6.5,,,,,,,,,,,,,,,,,,,,1.0,,,,,,,,,,,,,,,1.0,,,,,,1.0,1.0,1.0,,,1.0,,,,,,,,1.0,,,,,,1.0,,,,,,,,,,,,,,,,,,,,,,,,,,,1.0,,,,,,,,,,,,,,,,,,,,,,,,,,,,,,,,,,,,,,,,,,,,,,,,,,,,,,,,,,,,,,,,,,,,,,,,,,,,,,,,,,,,,,,1.0,,,,,,,,,,,,,,,,,,,,,1610612764,2015,2014-15,False
1718-201196-202066-202322-2446,1610612764,"Paul Pierce, Ramon Sessions, Garrett Temple, John Wall, Rasual Butler","Pierce, Sessions, Temple, Wall, Butler",1718-201196-202066-202322-2446,WAS,1.0,1,,-2.0,,1.0,,1.0,1.0,,,,,,2.0,,,,,,,,,,,,,,,,1440.0,,1.0,,1.0,,,,,,,,,,,,,,,,,,,,,,,1.0,,,,,,,,,,,,,,,,,,,,,,,,,,,,,,,,,,,,,,,,,,,,,,,,,,,,,,,,,,,,,,,,,,,,,,,,,,,,,,,,,,,,,,,,,,,,,,,,,,,,,,,,,,,,,,,,,,,,,,,,,,,,,,,,,,,,,,,,,,,,,,,,,,,,,,,,,,,,,,,,,,,,,,,,,,,,1610612764,2015,2014-15,False
1718-201196-202322-203078-2403,1610612764,"Paul Pierce, Ramon Sessions, John Wall, Bradley Beal, Nene","Pierce, Sessions, Wall, Beal, Nene",1718-201196-202322-203078-2403,WAS,55.0,6,1.0,-2.0,4.0,6.0,2.0,4.0,10.0,,,,6.0,6.0,8.0,,3.0,3.0,,4.0,,8.0,2.0,6.0,2.0,1.0,1.0,0.75,0.75,,261.8181818181818,3.75,6.666666666666667,3.75,6.666666666666667,,,,,,0.5,,0.5,,,,,,,,,,,,1.0,1.0,1.0,1.0,,,,,,,,,,,,1.0,,,,,,,1.0,1.0,,,2.0,,,,,,,,,,1.0,,,,1.0,,,,,,,,,,,,,,,,,,,,,,,1.0,,1.0,1.0,1.0,,,,,,,,,,,,1.0,,,,,1.0,,,,,,,,,,,,,,,,,,,,,,,,,,,,,,,,,,,,,,,,,,1.0,,,,,,,,,,,,,,,,,,,,,,,,,,,,,,,,,,,,,,,,,,,,,,,,,1610612764,2015,2014-15,False
1718-201196-202338-203078-203490,1610612764,"Paul Pierce, Ramon Sessions, Kevin Seraphin, Bradley Beal, Otto Porter Jr.","Pierce, Sessions, Seraphin, Beal, Porter Jr.",1718-201196-202338-203078-203490,WAS,236.0,1,4.0,-1.0,7.0,7.0,,,14.0,1.0,,1.0,,6.0,7.0,,,,1.0,,,,,4.0,,,,0.6,,0.2,85.42372881355932,14.857142857142858,18.857142857142858,12.285714285714286,17.428571428571427,0.2,,0.6,0.47244,,,24.6,,1.0,2.0,,,3.0,4.0,,,2.0,,,3.0,,2.0,3.0,,0.75,,0.6,,,0.4,0.5,1.0,,,,,8.35,1.0,1.0,,,1.0,2.0,,,,1.0,1.0,,1.0,,0.25,0.5,,,0.3333333333333333,,,0.2,,1.0,,1.0,1.0,1.0,,,,,,1.0,1.0,2.0,,4.0,,2.0,2.0,1.0,1.0,4.0,1.0,1.0,1.0,1.0,,3.0,,1.0,0.6666666666666666,0.6666666666666666,,,,1.0,1.0,1.0,1.0,0.5,0.5,1.0,,0.5,,1.0,0.2,1.0,1.0,1.0,1.0,1.0,,,,,,,0.3688,0.3333333333333333,,,,,,,,,,,,,,,,,,,,,,,1.0,,,2.0,,,,,,,,,,,,,,,,,,,,,,,,,,,,,,,,,,,,,,,,,,,,,,,,,,1610612764,2015,2014-15,False
1718-201196-202338-203078-2400,1610612764,"Paul Pierce, Ramon Sessions, Kevin Seraphin, Bradley Beal, Drew Gooden","Pierce, Sessions, Seraphin, Beal, Gooden",1718-201196-202338-203078-2400,WAS,512.0,2,9.0,-6.0,15.0,16.0,3.0,4.0,31.0,5.0,1.0,5.0,,12.0,18.0,1.0,,4.0,5.0,1.0,,,,10.0,4.0,3.0,,0.42857142857142855,0.5,0.35714285714285715,87.1875,17.066666666666666,16.0,15.933333333333334,14.5,0.35714285714285715,0.25,0.7142857142857143,0.5169285714285714,0.5987625,0.3333333333333333,26.26,0.2,2.0,5.0,1.0,2.0,3.0,9.0,2.0,3.0,2.0,1.0,,3.0,,4.0,6.0,,0.3333333333333333,0.6666666666666666,0.42857142857142855,0.5,0.3333333333333333,0.35714285714285715,0.4,0.4,0.5,0.5,,,5.044444444444444,1.0,,2.0,1.0,5.0,7.0,1.0,,,2.0,,2.0,2.0,,,,1.0,0.3333333333333333,0.4444444444444444,,,0.07142857142857142,,2.0,1.0,,3.0,1.0,,,,,2.0,1.0,1.0,2.0,,4.0,,2.0,4.0,1.0,,10.0,1.0,2.0,2.0,2.0,1.0,2.0,1.0,,0.6666666666666666,0.6666666666666666,0.4,,0.4,1.0,1.0,1.0,0.16666666666666666,0.6666666666666666,0.2222222222222222,,,0.6666666666666666,,0.5,0.21428571428571427,,,,1.0,1.0,,,,1.0,,,,0.16666666666666666,2.0,,6.0,2.0,,2.0,,,1.0,1.0,,,,,0.4,0.4,,0.4,1.0,,0.6666666666666666,1.0,1.0,,,,,,,,,,,,,2.0,1.0,,0.3333333333333333,0.3333333333333333,,1.0,,,,,0.3333333333333333,,1.0,,,1.0,1.0,,,,,1.0,,,,,,,,1.0,,,,,,1.0,,,,1610612764,2015,2014-15,False
1718-201196-202338-203078-2403,1610612764,"Paul Pierce, Ramon Sessions, Kevin Seraphin, Bradley Beal, Nene","Pierce, Sessions, Seraphin, Beal, Nene",1718-201196-202338-203078-2403,WAS,45.0,1,1.0,1.0,1.0,2.0,1.0,2.0,3.0,1.0,1.0,1.0,,3.0,2.0,1.0,,3.0,1.0,,,,,3.0,3.0,1.0,,1.5,1.5,1.0,96.0,22.0,11.5,22.0,11.5,1.0,1.0,1.0,0.51255,0.51255,1.0,24.4,1.0,,,,,,,,,,,,,,,,,,,1.5,1.5,,,,,,,,,,,,,,,,,,,,,,,,,,,,,,,,,,,,,,,,,,1.0,,,,1.0,,3.0,,,,,,,,,,,,,,,,1.0,1.0,1.0,,,,,,,,,,,,,,,,,,,,,,,,,,1.0,1.0,,1.0,,,,,,,,,,,1.0,1.0,1.0,1.0,,,,,,,,,,,,,,,,,,,,,,,,,,,,,,,,,,,,,,,,,,,,,,,,,,,,,,,,,,1610612764,2015,2014-15,False
1718-201196-203078-203490-2403,1610612764,"Paul Pierce, Ramon Sessions, Bradley Beal, Otto Porter Jr., Nene","Pierce, Sessions, Beal, Porter Jr., Nene",1718-201196-203078-203490-2403,WAS,56.0,1,1.0,-4.0,1.0,2.0,,,3.0,,,,,,4.0,,,,,,,,,,,,,,,,77.14285714285714,34.0,11.0,34.0,11.0,,,,0.383,,,,,,,,,,1.0,,,,,,,,,,,,,,,,,,,,,,,13.8,,,,,,,,,,,,,,,,,,,,,,,,,,,1.0,,,,,,,,,,,,,,,,,,,,,,,,,,,,,,,,,,,,,,,,,,1.0,,,,,,,,,,,,,,,,,,,,,,,,,,,,,,,,,,,,,,,,,,,,,,,,,,,,,,,,,,,,,,,,,,,,,,,,,,,,,,,,,,,,,,,,,1610612764,2015,2014-15,False
1718-201971-202066-202322-202338,1610612764,"Paul Pierce, DeJuan Blair, Garrett Temple, John Wall, Kevin Seraphin","Pierce, Blair, Temple, Wall, Seraphin",1718-201971-202066-202322-202338,WAS,51.0,1,1.0,1.0,1.0,2.0,1.0,,3.0,1.0,1.0,1.0,,3.0,2.0,1.0,,3.0,1.0,1.0,,,,3.0,3.0,1.0,,1.5,1.5,1.0,84.70588235294117,12.0,19.5,12.0,12.0,1.0,1.0,1.0,0.54135,0.54135,1.0,26.8,1.0,,,,,,,,,,,,,,,,,,,1.5,1.5,,,,,,,,,,,,,,,,,,,1.0,1.0,,1.0,,,,,,,,,,,,,,,,,,,,1.0,,,,1.0,,,,1.0,,,3.0,,,,,,,,,,,1.0,1.0,1.0,,,,,,,,,,,,,,,,,,,,,,,,,,1.0,1.0,3.0,1.0,,1.0,,,,1.0,,,,,1.0,1.0,1.0,1.0,,,,,,,,,,,,,,,,,,1.0,,,,,,1.0,,,,,,,,,,,,,,,,,,,,,,,,,,,,,,,,,,1610612764,2015,2014-15,False
1718-201971-202066-202322-2446,1610612764,"Paul Pierce, DeJuan Blair, Garrett Temple, John Wall, Rasual Butler","Pierce, Blair, Temple, Wall, Butler",1718-201971-202066-202322-2446,WAS,78.0,1,1.0,-5.0,3.0,3.0,3.0,3.0,6.0,1.0,1.0,2.0,,,5.0,2.0,,,1.0,,,,,,,3.0,,,,1.0,110.76923076923076,16.0,10.0,16.0,10.0,0.5,0.5,1.0,0.4803,0.4803,,25.4,1.0,,,,,,,,,,1.0,,1.0,1.0,,1.0,,,,,,1.0,,,,,,,,,,,,,1.0,1.0,,,,,,,,1.0,,,,,1.0,,,,,,,,,,,1.0,,1.0,,,,,,,,,,,,,,1.0,,,,,1.0,,,,,,,,,,,1.0,,,,,1.0,,,,,,,,0.5,,,,0.5,,,,,,,,,,,,,,,,,,,,,,,,,,,,,,,,,,,,,,,,,,,,,,,,,,,,,,,,,,,,,,,,,,,,,,,,,,,,,,,1610612764,2015,2014-15,False
1718-201971-202066-203078-2743,1610612764,"Paul Pierce, DeJuan Blair, Garrett Temple, Bradley Beal, Kris Humphries","Pierce, Blair, Temple, Beal, Humphries",1718-201971-202066-203078-2743,WAS,81.0,1,1.0,-6.0,2.0,3.0,2.0,3.0,5.0,,,,,2.0,8.0,,,2.0,,,,,,2.0,2.0,2.0,,0.3333333333333333,0.3333333333333333,,88.88888888888889,22.0,12.333333333333334,22.0,8.333333333333334,,,0.3333333333333333,0.4688666666666667,0.4688666666666667,1.0,,1.0,,1.0,,1.0,1.0,3.0,1.0,3.0,2.0,,,,,1.0,1.0,,0.3333333333333333,0.3333333333333333,0.3333333333333333,0.3333333333333333,,0.3333333333333333,,,0.3333333333333333,,,,4.7,,1.0,,,,1.0,,,,,,,,,0.3333333333333333,,,,,,,,,,,1.0,2.0,,,,,,,,,,,,,,,,,,1.0,,1.0,,,,,,,,,,,,,,0.5,,0.5,1.0,,,,,0.6666666666666666,0.5,1.0,,,,,,,,,,,,,,,,,,,,,,,,,,,,,,,,,,,,,,,,,,,,,,,,,,,,,,,,,,,0.5,,,,,,,,,,,,,,,,,,,,,,,,,,,,1610612764,2015,2014-15,False
1718-201971-202322-203078-203490,1610612764,"Paul Pierce, DeJuan Blair, John Wall, Bradley Beal, Otto Porter Jr.","Pierce, Blair, Wall, Beal, Porter Jr.",1718-201971-202322-203078-203490,WAS,82.0,1,1.0,-2.0,3.0,3.0,,3.0,6.0,,,,,4.0,6.0,,,,,,,,,4.0,,,,0.6666666666666666,,,105.36585365853658,12.666666666666666,14.666666666666666,12.333333333333334,14.666666666666666,,,1.0,0.7477,,,,,2.0,3.0,,,2.0,3.0,,,2.0,1.0,1.0,1.0,,1.0,2.0,,0.6666666666666666,,0.6666666666666666,,1.0,1.0,0.6666666666666666,1.0,,,,,0.6666666666666666,,1.0,1.0,,1.0,2.0,1.0,,,,,,,,0.3333333333333333,0.3333333333333333,,1.0,1.0,,,,,1.0,,,,,,,,,,,,,,2.0,,1.0,1.0,1.0,,2.0,1.0,,1.0,,,,,,0.5,0.5,,,,,,,1.0,,1.0,1.0,,,,0.5,,,,,,,,,,,,,,,,,,,,,,,1.0,,,,,,,,,,,,1.0,,,,,,,,,,,,,,,,,,,,,,,,,,,,,,,,,,,,,,,,,,,,,,,,,,,,,,,1610612764,2015,2014-15,False
1718-202066-202322-202338-2400,1610612764,"Paul Pierce, Garrett Temple, John Wall, Kevin Seraphin, Drew Gooden","Pierce, Temple, Wall, Seraphin, Gooden",1718-202066-202322-202338-2400,WAS,73.0,1,1.0,5.0,2.0,2.0,2.0,,4.0,1.0,1.0,1.0,,5.0,,1.0,,5.0,1.0,,,,,5.0,5.0,2.0,,1.25,1.25,0.5,78.9041095890411,14.5,22.0,14.5,22.0,0.5,0.5,1.0,0.581475,0.581475,1.0,24.8,1.0,1.0,1.0,1.0,1.0,1.0,1.0,1.0,1.0,2.0,,,,,,1.0,,1.0,1.0,1.25,1.25,,0.5,1.0,1.0,0.5,1.0,,,1.4,,,1.0,,1.0,1.0,,,,,,,,,,,,1.0,1.0,1.0,,,,,,,,,,,,,1.0,,,,1.0,,,,1.0,,,3.0,,,,,,,,,,,1.0,1.0,1.0,,,,,,,,,,,,,,,,,,,,,,,,,,1.0,1.0,3.0,1.0,,1.0,,,,1.0,,,,,1.0,1.0,1.0,1.0,,,,,,,,,,,,,,,,,,1.0,,,,,,1.0,,,,,,,,,,,,,,,,,,,,,,,,,,,,,,,,,,1610612764,2015,2014-15,False
1718-202066-202322-202338-2403,1610612764,"Paul Pierce, Garrett Temple, John Wall, Kevin Seraphin, Nene","Pierce, Temple, Wall, Seraphin, Nene",1718-202066-202322-202338-2403,WAS,176.0,4,3.0,-1.0,7.0,6.0,,3.0,13.0,1.0,,1.0,2.0,2.0,3.0,,,,1.0,2.0,,4.0,,2.0,,,,0.16666666666666666,,0.25,106.36363636363637,14.0,13.0,13.0,12.833333333333334,0.25,,0.5,0.475575,,,26.4,,,1.0,,,,3.0,,,,1.0,1.0,2.0,,1.0,2.0,,,,,,0.5,0.25,,,,,0.3333333333333333,,6.033333333333334,,1.0,3.0,,3.0,4.0,,,2.0,2.0,2.0,,2.0,,0.3333333333333333,1.0,,0.75,0.75,0.5,1.0,,0.4,1.0,,,2.0,,,,,,,,1.0,,,,,,,,,,1.0,,1.0,,,1.0,,,,,,,,,,,0.3333333333333333,,0.25,1.0,,,,,0.5,,,,,,,,,,,,0.3774,,,,,,,,,,,,,,,,,,,,,,,,,1.0,0.5,,,,,,,,,,,,,,,,,,,,,,,,,,,,,,,,,,,,,,,,,,,,,,1.0,,,,,1610612764,2015,2014-15,False
1718-202066-202322-203078-2403,1610612764,"Paul Pierce, Garrett Temple, John Wall, Bradley Beal, Nene","Pierce, Temple, Wall, Beal, Nene",1718-202066-202322-203078-2403,WAS,194.0,4,3.0,-4.0,5.0,6.0,1.0,6.0,11.0,,,,,2.0,6.0,,,,,2.0,,,,2.0,,1.0,,0.25,,,81.64948453608247,22.2,13.833333333333334,17.8,13.833333333333334,,,0.25,0.411325,,,,0.2,1.0,1.0,,,1.0,4.0,,,2.0,,,1.0,,,1.0,,0.25,,0.25,,,0.25,1.0,1.0,,,,,14.049999999999999,3.0,,1.0,,2.0,3.0,,,,,,,,,,,,0.5,0.6666666666666666,,,0.75,,1.0,,,,,,,,,,,,,,,,,,,,,1.0,1.0,1.0,,,1.0,,,,,,,,,,,0.3333333333333333,1.0,0.3333333333333333,,0.3333333333333333,,1.0,,,,,,,,,,,,,,,,,,,,,,,,1.0,,,,,,,,,,,,1.0,,,,,,1.0,,,,,,,,,,,,,,,,,,,,,,1.0,,,,,,,,,,,,,,,,,,,,,,,,,,,1610612764,2015,2014-15,False
1718-202066-202322-203078-2446,1610612764,"Paul Pierce, Garrett Temple, John Wall, Bradley Beal, Rasual Butler","Pierce, Temple, Wall, Beal, Butler",1718-202066-202322-203078-2446,WAS,4.0,3,,-6.0,,3.0,,3.0,3.0,,,,,,6.0,,,,,,,,,,,,,,,,1080.0,,1.3333333333333333,,1.3333333333333333,,,,,,,,,,,,,,,,,,,,,,,2.0,,,,,,,,,,,,,,,,,,,,,,,,,,,,1.0,,,,,,,,,,,,,,,,,,,,,,,,,,,,,,,,,,,,,,,,,,,,,,,,,,,,,,,,,,,,,,,,,,,,,,,,,,,,,,,,,,,,,,,,,,,,,,,,,,,,,,,,,,,,,,,,,,,,,,,,,,,,,,,,,,,,,,,,,,,,,,,,1610612764,2015,2014-15,False
1718-202066-202322-203490-2403,1610612764,"Paul Pierce, Garrett Temple, John Wall, Otto Porter Jr., Nene","Pierce, Temple, Wall, Porter Jr., Nene",1718-202066-202322-203490-2403,WAS,190.0,4,3.0,1.0,7.0,9.0,2.0,8.0,16.0,1.0,,2.0,5.0,8.0,7.0,,3.0,3.0,1.0,4.0,,6.0,2.0,8.0,,,,0.6666666666666666,0.75,0.6666666666666666,121.26315789473685,13.285714285714286,10.777777777777779,13.285714285714286,10.11111111111111,0.3333333333333333,,0.6666666666666666,0.5087333333333334,,0.375,24.2,0.2857142857142857,,,,,,1.0,,,,,,1.0,,2.0,3.0,,,,0.5,,,,,,,,0.25,,5.5,,,1.0,,3.0,3.0,,1.0,1.0,,,,,1.0,,,,0.25,0.42857142857142855,0.3333333333333333,,,0.5,,,,1.0,,,1.0,,,1.0,,,,,,,,1.0,,,3.0,,2.0,,1.0,1.0,1.0,,,,,0.5,,0.5,,,,,0.6666666666666666,,,,0.6666666666666666,,,0.3333333333333333,,,,,,0.3333333333333333,,,,,,,,1.0,,3.0,1.0,,1.0,,,,1.0,,,,,1.0,1.0,,1.0,,,,,,,,,1.0,,,,,,,,,1.0,,,,,,1.0,,,,,,,,,,,,,,,,,,,,,,,,,,,,,,,,,,1610612764,2015,2014-15,False
1718-202066-202322-203490-2743,1610612764,"Paul Pierce, Garrett Temple, John Wall, Otto Porter Jr., Kris Humphries","Pierce, Temple, Wall, Porter Jr., Humphries",1718-202066-202322-203490-2743,WAS,6.0,1,,,,,,,,,,,,,,,,,,,,,,,,,,,,,,,,,,,,,,,,,,,,,,,,,,,,,,,,,,,,,,,,,,,,,,,,,,,,,,,,,,,,,,,,,,,,,,,,,,,,,,,,,,,,,,,,,,,,,,,,,,,,,,,,,,,,,,,,,,,,,,,,,,,,,,,,,,,,,,,,,,,,,,,,,,,,,,,,,,,,,,,,,,,,,,,,,,,,,,,,,,,,,,,,,,,,,,,,,,,,,,,,,,,,1610612764,2015,2014-15,False
1718-202066-202322-2400-2403,1610612764,"Paul Pierce, Garrett Temple, John Wall, Drew Gooden, Nene","Pierce, Temple, Wall, Gooden, Nene",1718-202066-202322-2400-2403,WAS,353.0,4,6.0,,9.0,10.0,,2.0,19.0,1.0,,3.0,1.0,8.0,8.0,,,,1.0,1.0,1.0,2.0,,7.0,,,,0.5,,0.42857142857142855,77.5070821529745,17.666666666666668,19.4,16.666666666666668,18.5,0.14285714285714285,,0.42857142857142855,0.43864285714285717,,,24.166666666666668,,,,,,2.0,4.0,,,,1.0,1.0,2.0,,1.0,1.0,,0.5,,0.5,,0.5,,,,,,0.125,,11.95,2.0,,4.0,,6.0,7.0,,,1.0,1.0,,,1.0,,,,,0.8,0.8571428571428571,1.0,0.5,0.2857142857142857,0.2,1.0,,,2.0,2.0,,2.0,,,1.0,,,1.0,,4.0,3.0,2.0,2.0,,,4.0,,2.0,1.0,,,1.0,,,1.0,1.0,0.3333333333333333,,0.3333333333333333,,,0.5,,1.0,0.25,,,1.0,,,0.2857142857142857,,,,1.0,1.0,0.2857142857142857,,,,,,,0.125,1.0,,,1.0,,,,1.0,,,,,0.25,,1.0,1.0,,1.0,2.0,,1.0,1.0,,1.0,1.0,,,1.0,,,,,,,,,1.0,,0.5,,0.5,,,,,1.0,,,,,,,,,,,,,,,,,,,,,,,,,,,,,,1610612764,2015,2014-15,False
1718-202066-202322-2403-2446,1610612764,"Paul Pierce, Garrett Temple, John Wall, Nene, Rasual Butler","Pierce, Temple, Wall, Nene, Butler",1718-202066-202322-2403-2446,WAS,162.0,4,3.0,-6.0,5.0,9.0,1.0,4.0,14.0,,,,5.0,7.0,13.0,,2.0,2.0,,3.0,,6.0,1.0,5.0,2.0,1.0,1.0,0.7,1.0,,124.44444444444444,11.4,11.666666666666666,11.2,10.88888888888889,,,0.5,0.5797,,0.2857142857142857,,0.2,1.0,1.0,,,1.0,2.0,,,2.0,,,,,1.0,3.0,,0.5,,0.5,,,0.5,1.0,1.0,,,0.5,,6.2,,,1.0,,3.0,4.0,,,2.0,,,,,1.0,,,,1.0,1.0,,,,0.5,1.0,,,1.0,,,,,,,,,2.0,,,,,,,,,,2.0,1.0,,,,,,,,,,,,,1.0,,1.0,,,,1.0,1.0,,0.5,,,,,,,,,,,,,0.2857142857142857,,,,,,,,,,,,,,,,,,,,,1.0,,,,,,,,,,,,,,,,,,,,,,,,,2.0,,,,,,,,,,,,,1.0,0.5,,,,,,,,,,,,,,,,1610612764,2015,2014-15,False
1718-202066-202322-2403-2743,1610612764,"Paul Pierce, Garrett Temple, John Wall, Nene, Kris Humphries","Pierce, Temple, Wall, Nene, Humphries",1718-202066-202322-2403-2743,WAS,151.0,1,3.0,,5.0,5.0,,,10.0,1.0,,1.0,,7.0,7.0,,,,1.0,,,,,7.0,,,,1.1666666666666667,,0.3333333333333333,95.36423841059603,15.2,15.0,15.2,15.0,0.3333333333333333,,0.6666666666666666,0.4981,,,24.6,,1.0,1.0,,,2.0,2.0,,,,1.0,1.0,2.0,,,1.0,,1.0,,1.1666666666666667,,0.5,0.3333333333333333,1.0,1.0,,,,,9.3,1.0,,1.0,,1.0,1.0,,,,,,,,,,,,1.0,1.0,1.0,,0.3333333333333333,,,,,,1.0,,,,,1.0,,,,,4.0,,2.0,3.0,1.0,,7.0,,,,,,1.0,,1.0,1.0,1.0,1.0,,1.0,,,,,,,,,,,1.0,,,,,1.0,1.0,,,,,,,,,1.0,,3.0,1.0,,1.0,,,,1.0,,,,,1.0,1.0,,1.0,1.0,,,1.0,,,,,,,,,,,,,,1.0,,,,,,1.0,,,,,,,,,,,,,,,,,,,,,,,,,,,,,,1.0,,,,1610612764,2015,2014-15,False
1718-202066-202322-2446-2743,1610612764,"Paul Pierce, Garrett Temple, John Wall, Rasual Butler, Kris Humphries","Pierce, Temple, Wall, Butler, Humphries",1718-202066-202322-2446-2743,WAS,20.0,1,,1.0,,,,,,,,,1.0,1.0,,,1.0,1.0,,1.0,,2.0,1.0,1.0,1.0,,1.0,0.5,0.5,,,,,,,,,,,,1.0,,,,,,,,,,,,,,,,,,,,,,,,,,,,,,,,,,,,,,,,,,,,,,,,,,,,,,,,,,,,,,,,,,,,,,,,,,,,,,,,,,,,,,,,,,,,,,,,,,,,,,,,,,,,,,,,,,,,,,,,,,,,,,,,,,,,,,,,,,,,,,,,,,,,,,,,,,,,,,,,,,,,,,,,,,,,,,,,,,,,,,,,,,,,,1610612764,2015,2014-15,False
1718-202066-202338-203078-2743,1610612764,"Paul Pierce, Garrett Temple, Kevin Seraphin, Bradley Beal, Kris Humphries","Pierce, Temple, Seraphin, Beal, Humphries",1718-202066-202338-203078-2743,WAS,62.0,1,1.0,-3.0,2.0,2.0,2.0,,4.0,,,,,,3.0,,,,,,,,,,,2.0,,,,,92.9032258064516,16.0,15.0,16.0,15.0,,,0.5,0.4952,0.4952,,,1.0,,1.0,,1.0,,2.0,,2.0,,,,,,,1.0,,,,,,,0.5,,,0.5,,,,10.3,1.0,,1.0,,1.0,1.0,,,,,,,,,,,,1.0,1.0,,1.0,0.5,,,,,,,,,,,,,,,,,,,,,,,,,,,,,,,,,,,,,,,,,,,,,,,,,,,,,,,,,,,,,,,,,,,,,,,,,,,,,,,,,,,,,,,,,,,,,,,,,,,,,,,,,,,,,,,,,,,,,,,,,,,,,,,,,,,,,,,,1610612764,2015,2014-15,False
1718-202066-203490-2446-2743,1610612764,"Paul Pierce, Garrett Temple, Otto Porter Jr., Rasual Butler, Kris Humphries","Pierce, Temple, Porter Jr., Butler, Humphries",1718-202066-203490-2446-2743,WAS,3.0,1,,,1.0,1.0,1.0,1.0,2.0,,,,,,,,,,,,,,,,,1.0,,,,,960.0,,3.0,,3.0,,,,,,,,1.0,,,,,,,,,,,,,,,,,,,,,,,,,,,,,,,,,,,,,,,,,,,,,,,,,,,,,,,,,,,,,,,,,,,,,,,,,,,,,,,,,,,,,,,,,,,,,,,,,,,,,,,,,,,,,,,,,,,,,,,,,,,,,,,,,,,,,,,,,,,,,,,,,,,,,,,,,,,,,,,,,,,,,,,,,,,,,,,,,,,,,,,,,,,1610612764,2015,2014-15,False
1718-202322-202338-203078-2400,1610612764,"Paul Pierce, John Wall, Kevin Seraphin, Bradley Beal, Drew Gooden","Pierce, Wall, Seraphin, Beal, Gooden",1718-202322-202338-203078-2400,WAS,439.0,4,7.0,11.0,14.0,12.0,,4.0,26.0,1.0,,3.0,2.0,25.0,14.0,,,,1.0,2.0,1.0,2.0,,23.0,,,,0.9615384615384616,,0.25,85.28473804100229,14.142857142857142,20.083333333333332,13.214285714285714,19.583333333333332,0.08333333333333333,,0.5,0.5059166666666667,,,23.5,,3.0,3.0,,,7.0,9.0,,,6.0,1.0,1.0,1.0,,3.0,5.0,,0.7777777777777778,,0.9583333333333334,,1.0,0.25,1.0,1.0,,,0.07692307692307693,,9.600000000000001,3.0,,2.0,,3.0,4.0,,,1.0,1.0,,1.0,1.0,,,,,0.6666666666666666,0.5,1.0,,0.25,0.1,1.0,1.0,2.0,3.0,2.0,2.0,2.0,,,3.0,1.0,1.0,2.0,,8.0,3.0,4.0,6.0,1.0,1.0,14.0,,1.0,1.0,1.0,,,,,0.5714285714285714,0.5714285714285714,1.0,,1.0,1.0,1.0,1.0,,0.3333333333333333,,,,,1.0,0.3333333333333333,0.25,0.6666666666666666,0.6666666666666666,0.5,0.6666666666666666,0.6666666666666666,0.16666666666666666,1.0,1.0,1.0,,,0.5278,0.08,1.0,,6.0,1.0,,2.0,1.0,,,0.6666666666666666,,,,0.5,1.0,1.0,,1.0,2.0,,1.0,1.0,1.0,,,,,,,,,,,,,1.0,,,,,,1.0,,,,,,,,,,,1.0,,,,,1.0,1.0,1.0,,,,,,,,,,,,,,,,1610612764,2015,2014-15,False
1718-202322-202338-203078-2403,1610612764,"Paul Pierce, John Wall, Kevin Seraphin, Bradley Beal, Nene","Pierce, Wall, Seraphin, Beal, Nene",1718-202322-202338-203078-2403,WAS,1720.0,13,29.0,43.0,61.0,54.0,17.0,15.0,115.0,7.0,1.0,10.0,18.0,89.0,46.0,3.0,9.0,26.0,7.0,14.0,,21.0,1.0,79.0,26.0,17.0,1.0,0.7857142857142857,0.8666666666666667,0.20833333333333334,96.27906976744185,14.081967213114755,15.944444444444445,13.754098360655737,15.648148148148149,0.14583333333333334,0.1,0.5416666666666666,0.5092510416666666,0.52496,0.29213483146067415,24.22,0.2786885245901639,15.0,16.0,4.0,4.0,28.0,38.0,4.0,7.0,20.0,4.0,3.0,9.0,3.0,5.0,14.0,1.0,0.7368421052631579,0.5714285714285714,0.7395833333333334,0.85,0.4444444444444444,0.3333333333333333,0.9375,0.9375,0.4,1.0,0.18181818181818182,0.09090909090909091,8.968421052631578,15.0,1.0,9.0,1.0,22.0,26.0,,,9.0,2.0,1.0,1.0,2.0,2.0,0.02631578947368421,,1.0,0.8181818181818182,0.875,1.0,0.5,0.3125,0.20454545454545456,4.0,2.0,3.0,7.0,10.0,2.0,3.0,2.0,2.0,5.0,2.0,2.0,10.0,3.0,36.0,,18.0,23.0,11.0,3.0,51.0,2.0,12.0,4.0,7.0,3.0,5.0,1.0,3.0,0.6428571428571429,0.6666666666666666,0.5,1.0,0.5,1.0,1.1666666666666667,1.125,0.2,0.9230769230769231,0.26666666666666666,,0.2,1.0,0.75,0.7333333333333333,0.14583333333333334,0.42857142857142855,0.42857142857142855,1.0,0.6666666666666666,0.7142857142857143,0.0625,0.6666666666666666,0.6666666666666666,0.6666666666666666,0.2,1.0,0.6821,0.11235955056179775,3.0,1.0,15.0,3.0,,5.0,2.0,,,1.0,,,,1.0,0.42857142857142855,0.42857142857142855,1.0,0.42857142857142855,4.0,3.0,0.75,0.4,4.0,1.0,0.5,1.0,,,,,,1.0,1.0,1.0,1.0,3.0,2.0,1.0,0.4,0.25,,1.0,0.3333333333333333,1.0,1.0,3.0,0.5,,1.0,,,1.0,2.0,2.0,,1.0,1.0,1.0,,,0.06666666666666667,,,,1.0,0.5,,,,,,1.0,,,,1610612764,2015,2014-15,False
1718-202322-202338-203078-2446,1610612764,"Paul Pierce, John Wall, Kevin Seraphin, Bradley Beal, Rasual Butler","Pierce, Wall, Seraphin, Beal, Butler",1718-202322-202338-203078-2446,WAS,307.0,3,5.0,-1.0,11.0,11.0,11.0,2.0,22.0,2.0,2.0,2.0,5.0,9.0,10.0,2.0,5.0,9.0,2.0,4.0,,8.0,1.0,8.0,9.0,11.0,1.0,0.4090909090909091,0.4090909090909091,0.2857142857142857,103.19218241042346,14.909090909090908,13.0,14.363636363636363,13.0,0.2857142857142857,0.2857142857142857,0.5714285714285714,0.44465714285714286,0.44465714285714286,1.0,25.35,1.0,1.0,2.0,1.0,2.0,2.0,5.0,2.0,5.0,2.0,1.0,1.0,2.0,2.0,2.0,3.0,,0.4,0.4,0.2857142857142857,0.2857142857142857,0.5,0.2857142857142857,0.5,0.5,0.2857142857142857,0.5,0.3,,9.0,1.0,,2.0,1.0,4.0,6.0,,,3.0,,,,,1.0,,,1.0,1.0,1.0,,,0.14285714285714285,0.375,2.0,,,2.0,1.0,,,,,,,,1.0,,2.0,,1.0,1.0,1.0,,2.0,2.0,1.0,2.0,2.0,,1.0,,,0.5,0.5,,,,,,0.5,0.6666666666666666,1.0,0.4,1.0,,1.0,,1.0,0.2857142857142857,,,,1.0,1.0,,,,,,,,0.1111111111111111,,,,,,,,,1.0,,,,,,,,,,,,1.0,,2.0,,,,,,,,,,,,,,,,,0.5,,,,,,1.0,,,,,,,,,,,,,,,,,,,,,,,,,,,,,,1610612764,2015,2014-15,False
1718-202322-202338-203078-2743,1610612764,"Paul Pierce, John Wall, Kevin Seraphin, Bradley Beal, Kris Humphries","Pierce, Wall, Seraphin, Beal, Humphries",1718-202322-202338-203078-2743,WAS,792.0,7,13.0,-3.0,28.0,28.0,12.0,5.0,56.0,2.0,2.0,3.0,8.0,25.0,28.0,3.0,6.0,13.0,2.0,6.0,,9.0,2.0,21.0,13.0,12.0,2.0,0.5217391304347826,0.6,0.15789473684210525,101.81818181818183,14.892857142857142,13.392857142857142,14.5,12.714285714285714,0.10526315789473684,0.2857142857142857,0.47368421052631576,0.5085421052631579,0.5660428571428572,0.52,25.933333333333334,0.42857142857142855,4.0,6.0,2.0,3.0,7.0,16.0,2.0,4.0,6.0,6.0,2.0,7.0,1.0,3.0,5.0,,0.4375,0.5,0.4473684210526316,0.5,0.8571428571428571,0.3157894736842105,0.6666666666666666,0.6666666666666666,0.42857142857142855,0.6666666666666666,0.09523809523809523,,9.1625,6.0,1.0,5.0,,9.0,12.0,,,2.0,2.0,2.0,,3.0,1.0,0.0625,,,0.8333333333333334,0.75,0.5,1.0,0.3157894736842105,0.1111111111111111,4.0,1.0,,4.0,3.0,1.0,1.0,1.0,1.0,1.0,2.0,2.0,4.0,1.0,8.0,,4.0,5.0,2.0,,11.0,3.0,4.0,3.0,5.0,3.0,1.0,4.0,,0.5714285714285714,0.6666666666666666,0.3333333333333333,0.3333333333333333,0.3333333333333333,1.0,1.0,1.0,0.3333333333333333,0.6666666666666666,0.2727272727272727,0.5,,0.8,,0.5,0.21052631578947367,,,,0.5,0.5,0.05263157894736842,1.0,1.0,0.5,0.14285714285714285,1.0,0.55505,0.16,,,3.0,,,1.0,1.0,1.0,1.0,1.0,,,0.1,1.0,,,,,2.0,,1.0,0.6666666666666666,2.0,,,1.0,,,1.0,1.0,,,,,,,,,,0.5,,,,,,,,0.25,,,,,1.0,2.0,,,1.0,1.0,,,,,,,,,,,,,,,,,,1610612764,2015,2014-15,False
1718-202322-202338-203318-2400,1610612764,"Paul Pierce, John Wall, Kevin Seraphin, Glen Rice, Drew Gooden","Pierce, Wall, Seraphin, Rice, Gooden",1718-202322-202338-203318-2400,WAS,10.0,1,,1.0,1.0,1.0,1.0,1.0,2.0,,,,1.0,1.0,,,1.0,1.0,,1.0,,2.0,,1.0,1.0,1.0,,0.5,0.5,,288.0,3.0,7.0,3.0,7.0,,,,,,1.0,,1.0,,,,,,,,,,,,,,,,,,,,,,,,,,,1.0,,,,,,,,,,,1.0,,,,,,,,,,,,,,1.0,,,,,,,,,,,,,,,,,,,,,,,,,1.0,1.0,,,,,,,,,,,,,,,,,,,,,,,,,,,,,,,,,,,,,,,,,,,,,,,,,,,,,,,,,,,,,,,,,,,,,,,,,,,,,,,,,,,,,,,,,,,,,,,,,,,,,,,,,,,,,1610612764,2015,2014-15,False
1718-202322-202338-203490-2403,1610612764,"Paul Pierce, John Wall, Kevin Seraphin, Otto Porter Jr., Nene","Pierce, Wall, Seraphin, Porter Jr., Nene",1718-202322-202338-203490-2403,WAS,722.0,5,12.0,5.0,19.0,21.0,5.0,,40.0,3.0,1.0,4.0,4.0,23.0,18.0,1.0,,,3.0,9.0,,4.0,,15.0,,5.0,,0.5227272727272727,,0.2,79.77839335180056,18.789473684210527,17.38095238095238,16.94736842105263,16.0,0.15,0.2,0.35,0.43295500000000003,0.38218,,26.425,0.2631578947368421,2.0,3.0,,,5.0,16.0,,4.0,2.0,,,2.0,1.0,1.0,1.0,,0.3125,,0.475,,,0.15,0.6666666666666666,1.0,,,0.09090909090909091,,10.74375,6.0,2.0,6.0,,8.0,13.0,1.0,,2.0,,,,,,0.125,0.3333333333333333,,0.8571428571428571,0.7272727272727273,1.0,0.6666666666666666,0.3,0.1111111111111111,5.0,2.0,2.0,7.0,1.0,1.0,1.0,,,3.0,3.0,3.0,8.0,,8.0,,4.0,7.0,1.0,2.0,17.0,5.0,2.0,5.0,2.0,2.0,2.0,,,0.8,1.0,0.75,,0.75,1.0,1.0,1.0,0.45454545454545453,0.5,0.4166666666666667,1.0,0.2,0.3333333333333333,1.0,0.5,0.35,0.2857142857142857,0.2857142857142857,1.0,0.16666666666666666,0.2,0.05,1.0,1.0,0.6666666666666666,,,0.4820333333333333,0.34782608695652173,2.0,,9.0,2.0,,3.0,1.0,,1.0,1.0,,,,1.0,0.6666666666666666,0.6666666666666666,,0.6666666666666666,1.0,,1.0,1.0,,,,,,,,,,,,,,2.0,,,,0.6,,1.0,,,,2.0,,,3.0,1.0,,1.0,2.0,2.0,,,,1.0,,,0.16666666666666666,,,,1.0,0.5,,,,,1.0,,,,,1610612764,2015,2014-15,False
1718-202322-202338-203490-2446,1610612764,"Paul Pierce, John Wall, Kevin Seraphin, Otto Porter Jr., Rasual Butler","Pierce, Wall, Seraphin, Porter Jr., Butler",1718-202322-202338-203490-2446,WAS,1.0,1,,,,,,,,,,,,,,,,,,,,,,,,,,,,,,,,,,,,,,,,,,,,,,,,,,,,,,,,,,,,,,,,,,,,,,,,,,,,,,,,,,,,,,,,,,,,,,,,,,,,,,,,,,,,,,,,,,,,,,,,,,,,,,,,,,,,,,,,,,,,,,,,,,,,,,,,,,,,,,,,,,,,,,,,,,,,,,,,,,,,,,,,,,,,,,,,,,,,,,,,,,,,,,,,,,,,,,,,,,,,,,,,,,,,1610612764,2015,2014-15,False
1718-202322-202338-203490-2743,1610612764,"Paul Pierce, John Wall, Kevin Seraphin, Otto Porter Jr., Kris Humphries","Pierce, Wall, Seraphin, Porter Jr., Humphries",1718-202322-202338-203490-2743,WAS,110.0,2,2.0,-4.0,4.0,5.0,2.0,2.0,9.0,1.0,1.0,1.0,,2.0,6.0,1.0,,2.0,1.0,1.0,,,,2.0,2.0,2.0,,0.2,0.3333333333333333,0.2,117.81818181818183,17.0,8.4,17.0,8.4,0.2,0.3333333333333333,0.4,0.38239,0.40155,1.0,31.5,0.5,1.0,1.0,1.0,1.0,1.0,4.0,1.0,2.0,,,,,,2.0,2.0,,0.25,0.5,0.2,0.3333333333333333,,0.2,1.0,1.0,0.3333333333333333,1.0,,,9.95,1.0,1.0,,,2.0,2.0,,,,,,,,,0.25,,,,1.0,,,0.2,,,,,2.0,,,,,,,,,,,2.0,,1.0,1.0,1.0,,2.0,,2.0,,,,,,,1.0,1.0,,,,,,,,1.0,,,,1.0,,1.0,0.4,,,,,,,,,,,,,,,,,,,,,,,,,,,,,,,,,,,,,,,,,,,,,,,,,,,,,,,,,,,,,0.5,,,,,,,,,,,,,,,,,,,,,,,,,,,,1610612764,2015,2014-15,False
1718-202322-202338-2403-2446,1610612764,"Paul Pierce, John Wall, Kevin Seraphin, Nene, Rasual Butler","Pierce, Wall, Seraphin, Nene, Butler",1718-202322-202338-2403-2446,WAS,403.0,7,7.0,-3.0,13.0,15.0,6.0,2.0,28.0,,,,3.0,9.0,12.0,,1.0,3.0,,4.0,1.0,5.0,1.0,9.0,3.0,6.0,1.0,0.3,0.25,,100.04962779156327,18.384615384615383,10.933333333333334,16.384615384615383,10.733333333333333,,,0.3076923076923077,0.4710384615384615,0.54024,0.3333333333333333,,0.46153846153846156,3.0,4.0,1.0,2.0,3.0,13.0,1.0,5.0,,,,1.0,1.0,5.0,6.0,,0.23076923076923078,0.2,0.23076923076923078,0.2,,0.3076923076923077,0.75,0.75,0.4,0.5,0.14285714285714285,,9.6,4.0,1.0,3.0,3.0,7.0,8.0,,1.0,2.0,,,,,,0.07692307692307693,,1.0,0.6,0.6666666666666666,0.3333333333333333,,0.3076923076923077,0.14285714285714285,1.0,,,5.0,,,,,,,,1.0,,,6.0,,3.0,3.0,3.0,,6.0,1.0,1.0,1.0,1.0,1.0,1.0,,,1.0,1.0,,,,,,,0.1,1.0,0.1,,0.25,1.0,,1.0,0.38461538461538464,,,,,,,,,,,,0.2623,,,,,,,,,,,,,,,,,,,,,1.0,1.0,,,,,,,,,,,,,,,,,,,,,,,,,,,0.2,,,,1.0,,,,,,,,,,,,,,,,,,,,,,,,1610612764,2015,2014-15,False
1718-202322-202338-2446-2743,1610612764,"Paul Pierce, John Wall, Kevin Seraphin, Rasual Butler, Kris Humphries","Pierce, Wall, Seraphin, Butler, Humphries",1718-202322-202338-2446-2743,WAS,203.0,2,3.0,-7.0,6.0,6.0,3.0,2.0,12.0,1.0,,1.0,2.0,4.0,11.0,,2.0,4.0,1.0,1.0,,2.0,1.0,4.0,4.0,3.0,1.0,0.2857142857142857,0.6666666666666666,0.16666666666666666,85.1231527093596,16.166666666666668,17.666666666666668,15.666666666666666,16.0,0.16666666666666666,,0.6666666666666666,0.49735,0.56695,1.0,26.9,0.5,,3.0,,1.0,1.0,5.0,1.0,2.0,2.0,,,,,2.0,2.0,,0.2,0.5,0.16666666666666666,0.5,,0.5,,,0.5,,,,6.74,1.0,1.0,,1.0,2.0,3.0,,,,,,,,,0.2,0.3333333333333333,1.0,,0.25,,,0.16666666666666666,,1.0,1.0,1.0,1.0,,,,,,,,1.0,,,,,,,,,,,1.0,1.0,,,,,,,,,,,,,,,0.5,0.2,,,0.5,,,0.16666666666666666,1.0,1.0,,,,,,,1.0,,,,,,,,,,,,,,,,,,,,,,,,,,,,,,,,,,,,,,,,,1.0,,1.0,,,,,,,,1.0,,,,,,,,,,,,,,,,,,,,,,,,,,,,,1610612764,2015,2014-15,False
1718-202322-203078-203490-2403,1610612764,"Paul Pierce, John Wall, Bradley Beal, Otto Porter Jr., Nene","Pierce, Wall, Beal, Porter Jr., Nene",1718-202322-203078-203490-2403,WAS,525.0,7,9.0,3.0,18.0,15.0,2.0,7.0,33.0,5.0,1.0,7.0,5.0,16.0,13.0,1.0,,2.0,5.0,4.0,,6.0,,14.0,2.0,2.0,,0.4444444444444444,0.5,0.4666666666666667,90.51428571428572,12.944444444444445,19.466666666666665,12.222222222222221,17.8,0.3333333333333333,0.5,0.8,0.56203,0.5659,0.125,26.014285714285712,0.1111111111111111,4.0,5.0,1.0,1.0,4.0,8.0,1.0,1.0,2.0,,,2.0,,1.0,6.0,,0.5,1.0,0.36666666666666664,0.5,,0.3333333333333333,0.8,0.8,0.5,1.0,0.16666666666666666,,6.7875000000000005,2.0,1.0,4.0,,6.0,8.0,,,3.0,1.0,1.0,,1.0,,0.125,,,0.6666666666666666,0.6666666666666666,0.6666666666666666,,0.13333333333333333,0.2727272727272727,2.0,,,1.0,,,2.0,,,1.0,,1.0,2.0,,6.0,,3.0,4.0,3.0,,9.0,,2.0,2.0,2.0,2.0,2.0,,1.0,0.75,0.75,0.14285714285714285,,0.14285714285714285,,,0.5,,0.6666666666666666,0.2,,,0.6666666666666666,,0.75,0.06666666666666667,,,,,,0.13333333333333333,,,,,,,0.125,1.0,,3.0,1.0,,1.0,,,,1.0,,,,,0.2,0.2,,0.2,,,0.6666666666666666,,,1.0,1.0,1.0,,,,,,,,,,1.0,2.0,,0.3333333333333333,,0.5,1.0,,,,2.0,0.25,1.0,,,,,,,,,,,,,,,,,,,,,,,,,,,,1610612764,2015,2014-15,False
1718-202322-203078-2400-2403,1610612764,"Paul Pierce, John Wall, Bradley Beal, Drew Gooden, Nene","Pierce, Wall, Beal, Gooden, Nene",1718-202322-203078-2400-2403,WAS,123.0,2,2.0,-3.0,5.0,5.0,4.0,,10.0,1.0,,1.0,,4.0,7.0,,,4.0,1.0,1.0,,,,4.0,4.0,4.0,,0.5,0.6666666666666666,0.25,117.07317073170732,12.8,11.8,12.8,11.8,0.25,,1.0,0.6100875,0.6658000000000001,1.0,26.0,0.8,2.0,3.0,2.0,3.0,2.0,3.0,2.0,3.0,,1.0,,1.0,1.0,,,,0.6666666666666666,0.6666666666666666,0.5,0.6666666666666666,1.0,0.75,0.6666666666666666,1.0,1.0,0.6666666666666666,,,1.5,,1.0,,,,,,,,,,,,,0.3333333333333333,0.3333333333333333,,,,,,,,,,,,,,,,,,,,,,4.0,,2.0,2.0,2.0,,4.0,,,,1.0,,,1.0,,1.0,1.0,,,,,,,,,,,,,,1.0,,,,,,,,,,,,,,,,,,,,,,,,,,,,,,,,,,,,,1.0,,,,,,,,,,,,,,,,,,,,,,,,,,1.0,,,,,,,,,,,,,,,,,,,,,,,,,,,1610612764,2015,2014-15,False
1718-202322-203078-2400-2446,1610612764,"Paul Pierce, John Wall, Bradley Beal, Drew Gooden, Rasual Butler","Pierce, Wall, Beal, Gooden, Butler",1718-202322-203078-2400-2446,WAS,135.0,2,2.0,-4.0,6.0,7.0,6.0,7.0,13.0,,,2.0,1.0,3.0,7.0,2.0,1.0,3.0,,2.0,,2.0,,2.0,3.0,6.0,,0.1875,0.1875,0.2857142857142857,138.66666666666666,13.333333333333334,7.857142857142857,12.166666666666666,7.857142857142857,,,0.5714285714285714,0.5068571428571429,0.5068571428571429,1.0,23.5,1.0,1.0,2.0,1.0,2.0,1.0,5.0,1.0,5.0,2.0,1.0,1.0,1.0,1.0,,3.0,,0.2,0.2,0.14285714285714285,0.14285714285714285,1.0,0.2857142857142857,0.5,1.0,0.2857142857142857,0.5,0.125,,9.9,2.0,1.0,,,1.0,3.0,,,1.0,,,,,3.0,0.2,0.5,,,1.0,,,0.2857142857142857,0.16666666666666666,2.0,,,1.0,,,2.0,,2.0,,,,1.0,,,,,,,,,2.0,1.0,2.0,,,,,,,,,,,,,0.25,0.6666666666666666,1.0,0.4,1.0,,1.0,,,0.14285714285714285,,,,,,0.2857142857142857,,,,0.2857142857142857,,0.51645,0.3333333333333333,,,,,,,,,,,,,,,,,,,,,,,,,,,,,,,,,,,1.0,,,,,1.0,,,,,,1.0,,,,,,,,,,1.0,,,,,,,1.0,1.0,,,,,,,,,,,,1610612764,2015,2014-15,False
1718-202322-203078-2403-2446,1610612764,"Paul Pierce, John Wall, Bradley Beal, Nene, Rasual Butler","Pierce, Wall, Beal, Nene, Butler",1718-202322-203078-2403-2446,WAS,1634.0,20,27.0,29.0,66.0,59.0,46.0,36.0,125.0,13.0,11.0,15.0,32.0,86.0,57.0,12.0,25.0,58.0,13.0,24.0,1.0,40.0,10.0,76.0,49.0,41.0,5.0,0.6615384615384615,0.6590909090909091,0.3333333333333333,110.15911872705018,13.030303030303031,13.11864406779661,12.575757575757576,12.76271186440678,0.28888888888888886,0.39285714285714285,0.7333333333333333,0.5178466666666666,0.49126964285714286,0.6744186046511628,25.566666666666666,0.696969696969697,12.0,18.0,6.0,10.0,18.0,30.0,9.0,16.0,12.0,2.0,,8.0,7.0,5.0,15.0,,0.6,0.5625,0.6,0.5892857142857143,0.25,0.4,0.6666666666666666,0.75,0.35714285714285715,0.6,0.18181818181818182,,7.913333333333332,12.0,2.0,17.0,4.0,25.0,31.0,2.0,1.0,10.0,1.0,1.0,,1.0,5.0,0.06666666666666667,0.1111111111111111,1.0,0.9444444444444444,0.9130434782608695,0.8571428571428571,1.0,0.26666666666666666,0.25,6.0,2.0,,,6.0,,2.0,,1.0,6.0,2.0,3.0,10.0,5.0,24.0,3.0,12.0,17.0,7.0,,39.0,3.0,4.0,6.0,7.0,1.0,6.0,2.0,1.0,0.6666666666666666,0.7058823529411765,0.4,0.4166666666666667,0.4,0.6666666666666666,0.875,0.8333333333333334,0.2727272727272727,0.8,0.25,0.5,,0.75,1.0,0.5833333333333334,,,,,0.5,0.5,0.044444444444444446,,,0.5,0.03571428571428571,,0.5180166666666667,0.11627906976744186,6.0,5.0,15.0,6.0,,5.0,,1.0,,0.8333333333333334,,,0.05555555555555555,,0.46153846153846156,0.46153846153846156,0.45454545454545453,0.46153846153846156,5.0,,1.0,0.8333333333333334,6.0,1.0,1.0,,1.0,,,,,1.0,1.0,1.0,1.0,5.0,2.0,1.0,0.2222222222222222,,,0.8333333333333334,0.25,1.0,,3.0,0.2857142857142857,,2.0,2.0,,2.0,1.0,2.0,1.0,,,0.5,1.0,0.25,,,,,,,,,,,,,,,,1610612764,2015,2014-15,False
1718-202322-203078-2403-2743,1610612764,"Paul Pierce, John Wall, Bradley Beal, Nene, Kris Humphries","Pierce, Wall, Beal, Nene, Humphries",1718-202322-203078-2403-2743,WAS,1205.0,11,20.0,3.0,30.0,32.0,14.0,6.0,62.0,1.0,,3.0,10.0,35.0,32.0,1.0,7.0,19.0,1.0,11.0,1.0,14.0,1.0,27.0,19.0,14.0,1.0,0.546875,0.6333333333333333,0.11538461538461539,74.09128630705395,19.866666666666667,19.03125,18.2,18.21875,0.038461538461538464,,0.6538461538461539,0.5029884615384616,0.5125090909090909,0.5428571428571428,24.599999999999998,0.4666666666666667,7.0,14.0,3.0,7.0,11.0,23.0,6.0,10.0,12.0,3.0,3.0,6.0,2.0,5.0,5.0,1.0,0.4782608695652174,0.6,0.4807692307692308,0.5454545454545454,0.5,0.5384615384615384,0.5,0.6363636363636364,0.6363636363636364,0.42857142857142855,0.1935483870967742,0.25,7.052173913043478,7.0,3.0,8.0,2.0,12.0,19.0,,,5.0,,,,,,0.13043478260869565,0.21428571428571427,1.0,0.6666666666666666,0.7142857142857143,0.5,0.6666666666666666,0.2692307692307692,0.18518518518518517,6.0,5.0,2.0,2.0,2.0,,2.0,,1.0,1.0,4.0,6.0,8.0,,10.0,3.0,5.0,5.0,2.0,1.0,10.0,7.0,2.0,7.0,2.0,1.0,3.0,,,0.45454545454545453,0.5555555555555556,0.3333333333333333,,0.3333333333333333,0.6666666666666666,0.6666666666666666,0.6666666666666666,0.5833333333333334,1.0,0.5,0.7142857142857143,0.4,1.0,1.0,0.2857142857142857,0.07692307692307693,1.0,1.0,0.5,0.2857142857142857,0.2857142857142857,0.07692307692307693,,,0.8333333333333334,0.09090909090909091,,0.48586666666666667,0.22857142857142856,1.0,,,1.0,,,,1.0,,,,,0.09090909090909091,,1.0,1.0,,1.0,2.0,1.0,0.75,1.0,1.0,,,1.0,1.0,,,,,,,,,,,,,,,,,,,,,,,,,,3.0,4.0,1.0,,,0.6,,,,,,,,,,,,,,,,,,1610612764,2015,2014-15,False
1718-202322-203078-2446-2743,1610612764,"Paul Pierce, John Wall, Bradley Beal, Rasual Butler, Kris Humphries","Pierce, Wall, Beal, Butler, Humphries",1718-202322-203078-2446-2743,WAS,1116.0,11,19.0,15.0,40.0,41.0,15.0,15.0,81.0,6.0,3.0,8.0,7.0,41.0,26.0,3.0,3.0,15.0,6.0,15.0,,11.0,2.0,36.0,15.0,15.0,2.0,0.5125,0.5769230769230769,0.2222222222222222,104.51612903225805,14.2,13.365853658536585,12.85,13.024390243902438,0.16666666666666666,0.2727272727272727,0.6388888888888888,0.5068180555555555,0.3920863636363636,0.36585365853658536,25.324999999999996,0.375,7.0,15.0,2.0,3.0,14.0,28.0,6.0,8.0,24.0,5.0,2.0,7.0,4.0,3.0,6.0,,0.5,0.75,0.4722222222222222,0.5454545454545454,0.7142857142857143,0.4166666666666667,0.4666666666666667,0.5384615384615384,0.2727272727272727,0.6666666666666666,0.13157894736842105,,6.864285714285714,6.0,3.0,14.0,,18.0,24.0,,,5.0,1.0,1.0,,1.0,,0.10714285714285714,0.13333333333333333,,0.7,0.6923076923076923,0.5,0.8333333333333334,0.16666666666666666,0.16666666666666666,6.0,3.0,5.0,7.0,2.0,1.0,2.0,,,2.0,2.0,4.0,5.0,,4.0,,2.0,4.0,1.0,1.0,10.0,5.0,4.0,6.0,4.0,1.0,2.0,3.0,1.0,0.14285714285714285,0.15384615384615385,0.25,,0.25,0.5,0.5,0.625,0.35714285714285715,0.6666666666666666,0.2631578947368421,0.625,,0.6,1.0,0.14285714285714285,0.19444444444444445,0.7142857142857143,0.8333333333333334,0.2,0.3333333333333333,0.3333333333333333,0.05555555555555555,0.5,0.5,0.75,,,0.58715,0.12195121951219512,1.0,,6.0,1.0,,2.0,1.0,2.0,2.0,1.0,,,0.125,1.0,0.16666666666666666,0.16666666666666666,,0.16666666666666666,,3.0,0.8333333333333334,,3.0,1.0,1.0,,,,,,,,,,,1.0,,,,,,1.0,,,,1.0,,0.14285714285714285,1.0,2.0,,,2.0,2.0,1.0,2.0,,0.6666666666666666,1.0,0.3333333333333333,,,,,,,,,,,,,,,,1610612764,2015,2014-15,False
1718-202322-203318-203490-2400,1610612764,"Paul Pierce, John Wall, Glen Rice, Otto Porter Jr., Drew Gooden","Pierce, Wall, Rice, Porter Jr., Gooden",1718-202322-203318-203490-2400,WAS,14.0,1,,,,1.0,,1.0,1.0,,,,,,,,,,,,,,,,,,,,,,102.85714285714286,,14.0,,14.0,,,,,,,,,,,,,,,,,,,,,,,,,,,,,,,,,,,,,,,,,,,,,,,,,,,,,,,,,,,,,,,,,,,,,,,,,,,,,,,,,,,,,,,,,,,,,,,,,,,,,,,,,,,,,,,,,,,,,,,,,,,,,,,,,,,,,,,,,,,,,,,,,,,,,,,,,,,,,,,,,,,,,,,,,,,,,,,,,,,,,,,,,,,,,,,,,,,1610612764,2015,2014-15,False
1718-202322-203490-2400-2403,1610612764,"Paul Pierce, John Wall, Otto Porter Jr., Drew Gooden, Nene","Pierce, Wall, Porter Jr., Gooden, Nene",1718-202322-203490-2400-2403,WAS,234.0,2,4.0,5.0,9.0,8.0,6.0,,17.0,2.0,1.0,2.0,2.0,12.0,7.0,1.0,,8.0,2.0,2.0,,2.0,,10.0,8.0,6.0,,0.6666666666666666,0.8,0.25,104.61538461538461,13.444444444444445,14.125,12.555555555555555,12.875,0.25,0.2,0.75,0.53935,0.5351,0.6666666666666666,26.5,0.6666666666666666,3.0,4.0,3.0,3.0,5.0,6.0,4.0,4.0,4.0,1.0,1.0,1.0,1.0,,1.0,,0.8333333333333334,1.0,0.625,0.8,1.0,0.5,0.75,1.0,0.6,1.0,0.1111111111111111,,4.883333333333334,1.0,1.0,1.0,,2.0,3.0,,,1.0,2.0,1.0,1.0,2.0,,0.16666666666666666,0.25,,0.3333333333333333,0.5,0.5,,0.125,0.14285714285714285,1.0,,1.0,1.0,1.0,,,,,,1.0,1.0,2.0,,6.0,,3.0,3.0,1.0,1.0,6.0,,1.0,1.0,3.0,1.0,,,,0.6,0.6,,,,1.0,1.0,1.0,,1.0,0.5,,,1.0,,0.3333333333333333,0.125,1.0,1.0,1.0,1.0,1.0,,,,,,,,0.16666666666666666,,,,,,,,,,,,,,,,,,,1.0,,,1.0,2.0,,,,,,,,,,,,,,1.0,,1.0,,,,,,,,1.0,,,,,,,,,,,,,,,,,,,,,,,,,,,,,1610612764,2015,2014-15,False
1718-202322-203490-2403-2446,1610612764,"Paul Pierce, John Wall, Otto Porter Jr., Nene, Rasual Butler","Pierce, Wall, Porter Jr., Nene, Butler",1718-202322-203490-2403-2446,WAS,403.0,8,7.0,6.0,17.0,15.0,3.0,2.0,32.0,4.0,,6.0,3.0,24.0,18.0,,1.0,3.0,4.0,5.0,,6.0,1.0,19.0,2.0,2.0,,0.631578947368421,0.75,0.375,114.3424317617866,13.235294117647058,11.866666666666667,13.058823529411764,11.333333333333334,0.25,,0.75,0.5406875,0.2885,0.125,24.616666666666664,0.17647058823529413,2.0,6.0,,,3.0,10.0,1.0,1.0,6.0,1.0,1.0,1.0,1.0,1.0,3.0,,0.3,1.0,0.65625,1.0,1.0,0.375,0.3333333333333333,0.6666666666666666,,,0.1111111111111111,,7.7299999999999995,4.0,3.0,3.0,1.0,5.0,7.0,,1.0,2.0,1.0,,1.0,1.0,,0.3,0.5,1.0,0.6,0.6666666666666666,1.0,,0.25,0.16666666666666666,2.0,1.0,,,1.0,2.0,2.0,,,5.0,1.0,1.0,5.0,,,,,5.0,,,15.0,1.0,1.0,2.0,2.0,,,,,,,0.8333333333333334,,0.8333333333333334,1.0,1.25,1.25,0.14285714285714285,1.0,0.25,0.25,,1.0,,,,,,,0.25,0.25,0.125,1.0,1.0,0.5,,,0.6283,0.20833333333333334,3.0,,15.0,3.0,,5.0,2.0,1.0,,1.0,,,0.2,1.0,0.75,0.75,,0.75,,,0.6666666666666666,,2.0,,,,,,,,,1.0,1.0,1.0,1.0,3.0,1.0,1.0,1.0,,,1.0,0.5,1.0,1.0,,1.0,,1.0,,,,1.0,2.0,,,,1.0,,,,,,,,,,,,,,,,,,1610612764,2015,2014-15,False
1718-202322-203490-2403-2743,1610612764,"Paul Pierce, John Wall, Otto Porter Jr., Nene, Kris Humphries","Pierce, Wall, Porter Jr., Nene, Humphries",1718-202322-203490-2403-2743,WAS,351.0,3,6.0,2.0,11.0,11.0,2.0,,22.0,2.0,,2.0,2.0,10.0,8.0,,,,2.0,3.0,,4.0,,10.0,,2.0,,0.5555555555555556,,0.2857142857142857,90.25641025641026,13.818181818181818,18.09090909090909,13.363636363636363,16.09090909090909,0.2857142857142857,,0.7142857142857143,0.5751857142857143,0.426,,25.35,0.18181818181818182,3.0,3.0,,,4.0,5.0,,1.0,2.0,1.0,,3.0,1.0,1.0,5.0,,0.8,,0.5714285714285714,,0.3333333333333333,0.42857142857142855,1.0,1.0,,,0.2222222222222222,,5.26,1.0,,4.0,,6.0,7.0,,2.0,2.0,,,,,,,,,0.6666666666666666,0.6666666666666666,0.6666666666666666,1.0,0.14285714285714285,0.2857142857142857,1.0,,1.0,1.0,,,,,,,,,,,6.0,,3.0,3.0,3.0,,6.0,,2.0,1.0,1.0,,2.0,1.0,1.0,0.75,0.75,,,,,,,,0.6666666666666666,0.3333333333333333,,,1.0,,1.0,0.14285714285714285,1.0,1.0,,,,,,,,,,,,,,,,,,,,1.0,,,,,,,,,,,,,,1.0,,,,1.0,,,,,,,,,,1.0,,0.5,,,,,,,,0.5,,,,,,,,,,,,,,,,,,,,,,,,,,,,,1610612764,2015,2014-15,False
1718-202322-203490-2446-2743,1610612764,"Paul Pierce, John Wall, Otto Porter Jr., Rasual Butler, Kris Humphries","Pierce, Wall, Porter Jr., Butler, Humphries",1718-202322-203490-2446-2743,WAS,25.0,1,,,1.0,1.0,,1.0,2.0,,,1.0,,3.0,3.0,,,,,,,,,3.0,,,,1.5,,1.0,115.19999999999999,20.0,5.0,20.0,5.0,,,1.0,0.525,,,23.4,,,,,,,,,,,,,,,,,,,,1.5,,,,,,,,,,,,,,,,,,,,,,,,,,,,,,,,,,,,,,,1.0,1.0,,,1.0,,,,,,,,1.0,,,3.0,,,,,,,,,,,1.0,,1.0,,,,,,,,,,,,,,,,,,1.0,1.0,1.0,,,,,,,,3.0,,,1.0,1.0,,,1.0,,,,1.0,,,,,,,,,,,,,,,,,,,,,,,,,,,,,,,,,,,,,,,,,,,,,,,,,,,,,,,,,,,,,,1610612764,2015,2014-15,False
1718-202322-2400-2403-2446,1610612764,"Paul Pierce, John Wall, Drew Gooden, Nene, Rasual Butler","Pierce, Wall, Gooden, Nene, Butler",1718-202322-2400-2403-2446,WAS,183.0,2,3.0,-1.0,5.0,4.0,,,9.0,3.0,,5.0,,5.0,6.0,,,,3.0,1.0,,,,2.0,,,,0.2777777777777778,,0.5555555555555556,70.81967213114754,25.4,14.0,15.4,14.0,0.3333333333333333,,0.7777777777777778,0.4832055555555555,,,24.619999999999997,,1.0,2.0,,,1.0,4.0,,,,,,,,,1.0,,0.25,,0.2777777777777778,,,0.2222222222222222,0.5,1.0,,,,,5.925,,1.0,1.0,,1.0,5.0,,1.0,,,,,,,0.25,0.5,,1.0,1.0,,,,,3.0,,,2.0,,,2.0,,,1.0,,,3.0,,2.0,,1.0,2.0,1.0,,5.0,3.0,,4.0,1.0,,,,,1.0,1.0,0.2,,0.2,,0.375,0.375,1.0,,0.6666666666666666,1.0,,,,1.0,0.2222222222222222,,,,,,0.2222222222222222,,,,,,0.4753875,0.6,1.0,,3.0,1.0,1.0,1.0,,,,1.0,0.2,0.3333333333333333,,,0.3333333333333333,0.5,,0.3333333333333333,,,1.0,,1.0,,,,,,,,,1.0,3.0,1.0,4.0,1.0,1.0,0.25,0.3333333333333333,1.0,,1.0,0.75,0.3333333333333333,1.0,,1.0,,,,,,,,,,,,,,,,1.0,0.25,,,,,,,,,,,,1610612764,2015,2014-15,False
1718-202322-2403-2446-2743,1610612764,"Paul Pierce, John Wall, Nene, Rasual Butler, Kris Humphries","Pierce, Wall, Nene, Butler, Humphries",1718-202322-2403-2446-2743,WAS,1055.0,8,18.0,-7.0,32.0,33.0,6.0,23.0,65.0,3.0,1.0,5.0,2.0,27.0,34.0,1.0,1.0,5.0,3.0,7.0,,5.0,1.0,20.0,5.0,6.0,1.0,0.4090909090909091,0.3125,0.16129032258064516,88.72037914691944,17.78125,14.727272727272727,17.28125,13.333333333333334,0.0967741935483871,0.14285714285714285,0.6774193548387096,0.5065516129032258,0.4700285714285714,0.18518518518518517,24.54,0.1875,9.0,16.0,1.0,3.0,11.0,26.0,2.0,6.0,12.0,1.0,1.0,4.0,1.0,3.0,4.0,,0.4230769230769231,0.3333333333333333,0.4032258064516129,0.2857142857142857,0.25,0.5161290322580645,0.5625,0.6428571428571429,0.42857142857142855,0.3333333333333333,0.0625,,6.81923076923077,6.0,4.0,8.0,1.0,15.0,19.0,,,2.0,3.0,1.0,1.0,3.0,1.0,0.15384615384615385,0.125,1.0,0.7272727272727273,0.6666666666666666,1.0,0.8,0.1935483870967742,0.07407407407407407,3.0,3.0,,4.0,2.0,1.0,2.0,,,1.0,3.0,3.0,7.0,,10.0,,5.0,6.0,4.0,,13.0,3.0,6.0,4.0,2.0,2.0,3.0,,,0.45454545454545453,0.5,0.2,,0.2,1.0,1.0,0.875,0.2,0.6,0.21052631578947367,0.2857142857142857,,0.5,1.0,0.4444444444444444,0.12903225806451613,,,,0.3333333333333333,0.3333333333333333,0.06451612903225806,0.5,0.5,1.0,,,0.5683666666666666,0.25925925925925924,,,3.0,,,1.0,1.0,,,1.0,,,,1.0,,,,,1.0,1.0,0.3333333333333333,0.5,,3.0,1.0,1.0,,1.0,,,,,,,,,1.0,,0.25,0.25,,,,,,1.0,0.3333333333333333,0.5,,,,1.0,3.0,2.0,,,,1.0,,,,,,,,,,,,,,,,,,1610612764,2015,2014-15,False
1889-201971-202066-203490-2403,1610612764,"Andre Miller, DeJuan Blair, Garrett Temple, Otto Porter Jr., Nene","Miller, Blair, Temple, Porter Jr., Nene",1889-201971-202066-203490-2403,WAS,72.0,1,1.0,,3.0,3.0,,,6.0,,,,,4.0,4.0,,,,,1.0,,,,4.0,,,,1.0,,,120.0,15.666666666666666,8.333333333333334,15.666666666666666,8.333333333333334,,,,0.4056,,,,,,,,,2.0,2.0,,,,1.0,1.0,1.0,,1.0,1.0,,1.0,,1.0,,1.0,,,,,,,,18.5,2.0,,,,,,,,,,,,,,,,,,,,,1.0,,,,,,2.0,,,,,,,,,,4.0,,2.0,2.0,,,4.0,,,,1.0,,,,,1.0,1.0,,,,,,,,,,,,,,,,,,,1.0,1.0,,,,,,,,,,,,,,,,,,,,,,,,,,,2.0,,,1.0,1.0,,,,,,,,,,,,,,,,,,,,,,,,,,,,,,,,,,,,,,,,,,,,,,,,,,,,,1610612764,2015,2014-15,False
1889-201971-202338-203490-2446,1610612764,"Andre Miller, DeJuan Blair, Kevin Seraphin, Otto Porter Jr., Rasual Butler","Miller, Blair, Seraphin, Porter Jr., Butler",1889-201971-202338-203490-2446,WAS,111.0,1,2.0,-6.0,3.0,3.0,,,6.0,1.0,,1.0,,,6.0,,,,1.0,,,,,,,,,,,0.3333333333333333,77.83783783783784,20.666666666666668,16.333333333333332,20.666666666666668,16.333333333333332,0.3333333333333333,,0.3333333333333333,0.39535000000000003,,,26.9,,,,,,,2.0,,,,,,,,1.0,2.0,,,,,,,,,,,,,,17.6,1.0,,,,,,,1.0,,,,,,,,,,,,,,0.3333333333333333,,,,,1.0,,,,,,,,,,,,,,,,,,,,,,,,,,,,,,,,,,,,,,,,,,0.3333333333333333,,,,,,,,,,,,,,,,,,,,,,,,,,,,,,,,,,,,,,,,,,,,,,,,,,,,,,,,,,,,,,,,,,,,,,,,,,,,,,,,,,,,,,,,,1610612764,2015,2014-15,False
1889-201971-203078-203490-2743,1610612764,"Andre Miller, DeJuan Blair, Bradley Beal, Otto Porter Jr., Kris Humphries","Miller, Blair, Beal, Porter Jr., Humphries",1889-201971-203078-203490-2743,WAS,130.0,1,2.0,-2.0,3.0,4.0,,,7.0,,,,,4.0,6.0,,,,,,,,,2.0,,,,0.6666666666666666,,,77.53846153846155,14.333333333333334,21.75,14.333333333333334,17.75,,,0.6666666666666666,0.6067333333333333,,,,,1.0,2.0,,,2.0,3.0,,,2.0,,,1.0,,2.0,3.0,,0.6666666666666666,,0.6666666666666666,,,0.6666666666666666,0.5,0.5,,,,,5.266666666666667,1.0,,1.0,,1.0,2.0,,,,,,,,,,,,0.5,0.3333333333333333,,,0.3333333333333333,,1.0,1.0,,,1.0,,,,,,1.0,1.0,2.0,,2.0,,1.0,1.0,,,2.0,1.0,,1.0,,,1.0,,,0.5,1.0,,,,1.0,1.0,1.0,1.0,,1.0,1.0,,,,,,,,,1.0,1.0,,,,1.0,,,0.6779,0.5,,,,,,,,,,,,,,,,,,,1.0,,1.0,1.0,,,,,,,,,,,,,,,,,,,,,,,,,,,,,,1.0,1.0,2.0,,,,1.0,,,,,,,,,,,,,,,,,,1610612764,2015,2014-15,False
1889-201971-203490-2446-2743,1610612764,"Andre Miller, DeJuan Blair, Otto Porter Jr., Rasual Butler, Kris Humphries","Miller, Blair, Porter Jr., Butler, Humphries",1889-201971-203490-2446-2743,WAS,90.0,1,2.0,2.0,3.0,2.0,,,5.0,,,,,2.0,,,,,,,,,,2.0,,,,0.5,,,80.0,15.333333333333334,22.0,15.333333333333334,22.0,,,0.5,0.48455,,,,,1.0,1.0,,,1.0,2.0,,,,1.0,,1.0,,,1.0,,0.5,,0.5,,1.0,0.5,1.0,1.0,,,,,9.95,1.0,,,,2.0,2.0,,,,,,,,,,,,,1.0,,,0.5,,,,,,,,,,,,,,,,2.0,,1.0,1.0,1.0,,2.0,,2.0,,,,,1.0,,1.0,1.0,,,,,,,,1.0,,,,1.0,,1.0,,,,,,,,,,,,,,,,,,,,,,,,,,,,,,,,,,,,,,,,,,,,,,,,,,,,,,,,,,,,,,,,,,,,,,,,,,,,,,,,,,,,,,,,,,1610612764,2015,2014-15,False
1889-202066-202338-203490-2400,1610612764,"Andre Miller, Garrett Temple, Kevin Seraphin, Otto Porter Jr., Drew Gooden","Miller, Temple, Seraphin, Porter Jr., Gooden",1889-202066-202338-203490-2400,WAS,314.0,2,5.0,1.0,8.0,7.0,3.0,2.0,15.0,1.0,,2.0,2.0,9.0,8.0,,2.0,6.0,1.0,3.0,,2.0,,9.0,6.0,3.0,,0.5,1.0,0.25,68.78980891719745,18.625,23.571428571428573,17.75,21.571428571428573,0.125,,0.25,0.427725,0.38825,0.6666666666666666,25.2,0.375,,,,,2.0,6.0,2.0,2.0,2.0,,,,,2.0,5.0,,0.3333333333333333,1.0,0.4375,1.0,,,,,,,0.1111111111111111,,10.4,1.0,1.0,3.0,,3.0,4.0,1.0,1.0,1.0,,,,,,0.16666666666666666,,,0.75,0.6,,1.0,0.125,0.14285714285714285,1.0,,2.0,5.0,,,1.0,,,1.0,,,,,2.0,,1.0,2.0,,1.0,5.0,1.0,,1.0,,,,,,0.5,0.5,0.5,,0.5,,,,0.25,,0.2,,1.0,,,,0.625,0.4,0.5,0.5,,,0.125,,,,,,0.61725,,1.0,,3.0,1.0,,1.0,,,,1.0,,,,,1.0,1.0,,1.0,,,0.6666666666666666,,,,,,,,,,,,,,1.0,1.0,,,,,,1.0,,,,,,0.2,,,,,,,,,,,,,,,1.0,1.0,,,,,,,,,,,,1610612764,2015,2014-15,False
1889-202066-202338-203490-2743,1610612764,"Andre Miller, Garrett Temple, Kevin Seraphin, Otto Porter Jr., Kris Humphries","Miller, Temple, Seraphin, Porter Jr., Humphries",1889-202066-202338-203490-2743,WAS,209.0,2,3.0,-8.0,6.0,7.0,2.0,2.0,13.0,,,,1.0,3.0,11.0,,1.0,3.0,,3.0,,2.0,,3.0,3.0,2.0,,0.375,0.75,,89.56937799043062,15.333333333333334,16.714285714285715,15.333333333333334,16.714285714285715,,,,0.39196666666666663,0.4068,1.0,,0.3333333333333333,,,,,1.0,3.0,1.0,1.0,,,,2.0,,,2.0,,0.3333333333333333,1.0,0.3333333333333333,1.0,,,,,,,0.25,,13.566666666666668,2.0,,1.0,,2.0,2.0,,,1.0,,,,,,,,,1.0,1.0,,,0.6666666666666666,0.25,,,,1.0,1.0,,,,,,,,,,2.0,,1.0,1.0,,,2.0,,1.0,,1.0,1.0,2.0,,2.0,1.0,1.0,,,,,,,,1.0,,,,1.0,,,0.3333333333333333,,,,0.5,0.5,,,,,,,,,,,,,,,,,,,,,,,,,,,1.0,,1.0,1.0,,,,,,,,,,,,,,,,,,,,,,,,,,,,,,,,,,,,,,,,,,,,,,,,,,,,,,1610612764,2015,2014-15,False
1889-202066-202338-2400-2446,1610612764,"Andre Miller, Garrett Temple, Kevin Seraphin, Drew Gooden, Rasual Butler","Miller, Temple, Seraphin, Gooden, Butler",1889-202066-202338-2400-2446,WAS,755.0,2,13.0,4.0,20.0,21.0,,,41.0,3.0,,3.0,,22.0,18.0,,,,3.0,5.0,,,,20.0,,,,0.44,,0.12,78.19867549668874,20.2,16.714285714285715,19.4,16.285714285714285,0.12,,0.52,0.471272,,,26.03333333333333,,5.0,10.0,,,8.0,22.0,,,8.0,,,1.0,,2.0,4.0,,0.36363636363636365,,0.44,,,0.4,0.5,0.5555555555555556,,,,,7.590909090909091,6.0,1.0,8.0,1.0,10.0,16.0,,,,2.0,1.0,,2.0,,0.045454545454545456,0.1,1.0,0.8,0.75,0.75,0.5,0.24,,5.0,6.0,1.0,6.0,2.0,,,,,2.0,1.0,6.0,2.0,,8.0,,4.0,6.0,3.0,,14.0,6.0,1.0,6.0,,,1.0,,1.0,0.5,0.5714285714285714,0.6666666666666666,,0.6666666666666666,0.16666666666666666,0.16666666666666666,0.16666666666666666,0.42857142857142855,0.5,0.4,0.2,0.5,1.0,,0.6,0.24,0.16666666666666666,0.16666666666666666,,0.3333333333333333,0.3333333333333333,,,,1.0,,,0.5310333333333334,0.09090909090909091,2.0,,6.0,2.0,,2.0,,1.0,,1.0,,,0.07142857142857142,,0.6666666666666666,0.6666666666666666,,0.6666666666666666,1.0,,1.0,0.5,,2.0,1.0,,,1.0,,,,,,,,2.0,,,,0.6,,1.0,,,,,,,1.0,,,,1.0,2.0,,1.0,,0.16666666666666666,,,,,,,,,,,,,,,,,,1610612764,2015,2014-15,False
1889-202066-202338-2403-2446,1610612764,"Andre Miller, Garrett Temple, Kevin Seraphin, Nene, Rasual Butler","Miller, Temple, Seraphin, Nene, Butler",1889-202066-202338-2403-2446,WAS,449.0,1,7.0,-2.0,14.0,15.0,,7.0,29.0,3.0,,4.0,2.0,12.0,14.0,,,,3.0,3.0,,2.0,,12.0,,,,0.4,,0.2857142857142857,93.00668151447661,17.857142857142858,13.266666666666667,16.071428571428573,12.2,0.21428571428571427,,0.5,0.49924642857142854,,,25.1,,2.0,3.0,,,2.0,10.0,,,2.0,1.0,1.0,2.0,,4.0,6.0,,0.2,,0.35714285714285715,,0.5,0.21428571428571427,0.6666666666666666,0.6666666666666666,,,0.06666666666666667,,8.059999999999999,3.0,,5.0,2.0,8.0,11.0,,2.0,1.0,2.0,1.0,1.0,2.0,1.0,,,1.0,0.625,0.6666666666666666,0.5,0.5,0.21428571428571427,0.09090909090909091,2.0,1.0,,4.0,,1.0,1.0,,,2.0,,2.0,,,2.0,,1.0,3.0,1.0,,8.0,3.0,1.0,3.0,,,1.0,,,0.5,0.5,0.5,,0.5,,,,0.375,1.0,0.3,,0.6666666666666666,1.0,,0.5,0.2857142857142857,,,,,,0.07142857142857142,1.0,1.0,0.5,,,0.4777,,1.0,,6.0,1.0,,2.0,1.0,,1.0,1.0,,,,1.0,0.3333333333333333,0.3333333333333333,,0.3333333333333333,,,1.0,,,2.0,1.0,,,,,,,,,,,1.0,,,,0.25,,1.0,,,,,,,1.0,,,1.0,,,,,,,,,,,,,,,,,,,,,,,,1610612764,2015,2014-15,False
1889-202066-202338-2446-2743,1610612764,"Andre Miller, Garrett Temple, Kevin Seraphin, Rasual Butler, Kris Humphries","Miller, Temple, Seraphin, Butler, Humphries",1889-202066-202338-2446-2743,WAS,450.0,1,8.0,12.0,13.0,14.0,1.0,4.0,27.0,2.0,,2.0,1.0,21.0,9.0,,,,2.0,2.0,,2.0,,18.0,,1.0,,0.75,,0.14285714285714285,86.4,13.692307692307692,19.428571428571427,12.384615384615385,16.357142857142858,0.14285714285714285,,0.5714285714285714,0.5391607142857143,0.3826,,25.95,0.07692307692307693,5.0,6.0,,,7.0,12.0,,1.0,4.0,,,1.0,,3.0,5.0,,0.5833333333333334,,0.7142857142857143,,,0.42857142857142855,0.8333333333333334,0.8333333333333334,,,0.14285714285714285,,5.466666666666666,1.0,,5.0,,7.0,9.0,,,2.0,1.0,1.0,,1.0,,,,,0.5555555555555556,0.5833333333333334,,0.8,0.07142857142857142,0.16666666666666666,1.0,,1.0,5.0,1.0,,,,,2.0,,1.0,3.0,,10.0,,5.0,7.0,4.0,,16.0,2.0,2.0,2.0,2.0,,1.0,,,0.7142857142857143,0.7142857142857143,1.0,,1.0,,0.75,0.75,0.4,0.6666666666666666,0.4,1.0,,1.0,,0.8,0.35714285714285715,0.2,0.2,,1.0,1.0,,,,,,,0.471225,0.14285714285714285,2.0,,6.0,2.0,,2.0,,,,1.0,,,,,1.0,1.0,,1.0,1.0,2.0,0.3333333333333333,1.0,2.0,,,,,,,,,1.0,1.0,1.0,1.0,2.0,,1.0,,0.25,,1.0,0.5,1.0,1.0,,,,,,,1.0,,,,,,,,,,,,,,,,,,,,,,,,1610612764,2015,2014-15,False
1889-202322-202338-203318-203490,1610612764,"Andre Miller, John Wall, Kevin Seraphin, Glen Rice, Otto Porter Jr.","Miller, Wall, Seraphin, Rice, Porter Jr.",1889-202322-202338-203318-203490,WAS,21.0,1,,,,,,,,,,1.0,,,,1.0,,,,,,,,,,,,,,1.0,,,,,,,,1.0,0.4788,0.4788,,24.1,,,,,,,,,,,,,,,,,,,,,,,,,,,,,,,,,,,,1.0,,,,,,,,,,,,,,,,,,,,,,,,1.0,,1.0,,,,,,,,,,,,,,,1.0,,,,,,,,,,,,,,,,1.0,,,,,,,,,,,,1.0,,,,1.0,,,,,,,,1.0,,,,,,1.0,,,,,,,,,,,,,,,,,,,,,,,,,,1.0,,1.0,,1.0,,,,,,,,,,,,,,,,,,,,,,,,,,,,,,,,,,1.0,1610612764,2015,2014-15,False
1889-202322-202338-2403-2446,1610612764,"Andre Miller, John Wall, Kevin Seraphin, Nene, Rasual Butler","Miller, Wall, Seraphin, Nene, Butler",1889-202322-202338-2403-2446,WAS,210.0,1,4.0,1.0,7.0,7.0,,,14.0,,,1.0,1.0,8.0,7.0,,,,,2.0,,2.0,,8.0,,,,0.4375,,0.125,96.0,17.428571428571427,12.571428571428571,16.714285714285715,12.571428571428571,,,0.5,0.53443125,,,24.3,,2.0,3.0,,,2.0,7.0,,,,,,,,1.0,1.0,,0.2857142857142857,,0.4375,,,0.375,0.6666666666666666,1.0,,,0.125,,9.442857142857141,2.0,1.0,3.0,,3.0,4.0,,,1.0,,,,,,0.14285714285714285,0.3333333333333333,,1.0,1.0,1.0,1.0,0.25,0.14285714285714285,1.0,1.0,,2.0,,1.0,1.0,,,1.0,,1.0,,,4.0,,2.0,3.0,2.0,,7.0,1.0,,1.0,,,,,,1.0,1.0,1.0,,1.0,,,,0.2,,0.2,,0.5,,,1.0,0.25,,,,,,0.125,1.0,1.0,1.0,,,0.721,,,,3.0,,,1.0,1.0,,,1.0,,,,1.0,,,,,,1.0,1.0,,,,,,,,,,,,,,,,,,,,,,,,,,,,,,,,,,,,1.0,,,,,,,,,,,,,,,,,,,1610612764,2015,2014-15,False
1889-202322-202338-2446-2743,1610612764,"Andre Miller, John Wall, Kevin Seraphin, Rasual Butler, Kris Humphries","Miller, Wall, Seraphin, Butler, Humphries",1889-202322-202338-2446-2743,WAS,105.0,2,2.0,4.0,4.0,3.0,,,7.0,,,,,4.0,,,,,,,,,,4.0,,,,0.6666666666666666,,,96.0,13.5,17.0,13.5,17.0,,,0.6666666666666666,0.6133333333333334,,,,,1.0,2.0,,,2.0,3.0,,,,1.0,1.0,1.0,,,,,0.6666666666666666,,0.6666666666666666,,1.0,0.6666666666666666,0.5,0.5,,,,,6.933333333333334,1.0,,2.0,,3.0,3.0,,,,,,,,,,,,1.0,1.0,,1.0,0.3333333333333333,,,,,,1.0,,,,,,,,,,4.0,,2.0,2.0,1.0,,4.0,,1.0,,,,,,,1.0,1.0,,,,,,,,1.0,,,,,1.0,1.0,,,,,1.0,1.0,,,,,,,,,,,,,,,,,,,,,,,,,,,1.0,,,1.0,,,,,,,,,,,,,,,,,,,,,,,,,,,,,,,,,,,,,,,,,,,,,,,,,,,,,,1610612764,2015,2014-15,False
1889-202322-203490-2446-2743,1610612764,"Andre Miller, John Wall, Otto Porter Jr., Rasual Butler, Kris Humphries","Miller, Wall, Porter Jr., Butler, Humphries",1889-202322-203490-2446-2743,WAS,7.0,1,,,1.0,1.0,1.0,1.0,2.0,,,,,,,,,,,,,,,,,1.0,,,,,411.42857142857144,3.0,4.0,3.0,4.0,,,,,,,,1.0,,,,,,,,,,1.0,,1.0,1.0,,,,,,,,1.0,,,,,,,,,,,,1.0,1.0,1.0,,,,,,,,,,,1.0,,,,,,,,,,,,,,,,,,,,,,,,,,,,,,,,,,1.0,,,,,,,,,,,,,,,,,,,,,,,,,,,,,,,,,,,,,,,,,,,,,,,,,,,,,,,,,,,,,,,,,,,,,,,,,,,,,,,,,,,,,,,,,,,,,,,,,,,,,,,,,,,1610612764,2015,2014-15,False
1889-202322-2403-2446-2743,1610612764,"Andre Miller, John Wall, Nene, Rasual Butler, Kris Humphries","Miller, Wall, Nene, Butler, Humphries",1889-202322-2403-2446-2743,WAS,218.0,2,4.0,-4.0,6.0,7.0,,,13.0,1.0,,2.0,,4.0,8.0,,,,1.0,,,,,2.0,,,,0.2222222222222222,,0.2222222222222222,85.87155963302753,19.333333333333332,14.571428571428571,16.5,14.571428571428571,0.1111111111111111,,0.3333333333333333,0.44075555555555557,,,23.700000000000003,,,1.0,,,2.0,7.0,,,2.0,,,,,1.0,2.0,,0.2857142857142857,,0.2222222222222222,,,0.1111111111111111,,,,,,,11.799999999999999,3.0,1.0,2.0,,3.0,6.0,,,,,,,,,0.14285714285714285,1.0,,1.0,1.0,,1.0,0.3333333333333333,,1.0,1.0,1.0,3.0,1.0,,1.0,,,,1.0,3.0,2.0,,2.0,,1.0,1.0,,1.0,2.0,3.0,1.0,3.0,,,,,,0.5,0.5,,,,0.3333333333333333,0.3333333333333333,0.3333333333333333,0.6,1.0,0.42857142857142855,1.0,1.0,,1.0,,0.3333333333333333,0.3333333333333333,0.3333333333333333,1.0,0.3333333333333333,0.3333333333333333,0.1111111111111111,,,0.3333333333333333,,,0.429,0.5,,,,,,,,,,,,,,,,,,,,,1.0,,,,,,,,,,,,,,,,,,,,,,,,,,,,,,,,,,,,,,,,,,,,,,,,,,,,,,,1610612764,2015,2014-15,False
1889-202338-203078-203490-2400,1610612764,"Andre Miller, Kevin Seraphin, Bradley Beal, Otto Porter Jr., Drew Gooden","Miller, Seraphin, Beal, Porter Jr., Gooden",1889-202338-203078-203490-2400,WAS,756.0,3,13.0,-3.0,23.0,22.0,,,45.0,4.0,,4.0,4.0,27.0,30.0,,,,4.0,4.0,,4.0,,19.0,,,,0.54,,0.17391304347826086,85.71428571428572,18.91304347826087,14.590909090909092,18.47826086956522,13.772727272727273,0.17391304347826086,,0.5217391304347826,0.4522478260869565,,,26.35,,6.0,8.0,,,10.0,19.0,,,10.0,3.0,3.0,3.0,,4.0,7.0,,0.5263157894736842,,0.5,,1.0,0.34782608695652173,0.75,0.75,,,0.08,,7.273684210526317,5.0,1.0,2.0,,4.0,9.0,,,2.0,,,,,,0.05263157894736842,,,0.5,0.5,,1.0,0.21739130434782608,0.09523809523809523,5.0,4.0,2.0,6.0,2.0,,,,,1.0,3.0,4.0,8.0,,10.0,,5.0,6.0,2.0,1.0,13.0,4.0,2.0,5.0,1.0,,,,,0.5,0.625,0.25,,0.25,0.75,0.75,0.8,0.4444444444444444,0.5,0.4166666666666667,0.5,0.3333333333333333,0.5,,0.3333333333333333,0.2608695652173913,0.3333333333333333,0.4,0.5,0.4,0.4,,,,1.0,,,0.5388666666666667,0.2962962962962963,1.0,,3.0,1.0,,1.0,,1.0,,1.0,,,0.09090909090909091,,0.25,0.25,,0.25,2.0,,,1.0,1.0,,,,,,,,,,,,,1.0,1.0,,0.3333333333333333,0.5,,1.0,,,,2.0,0.3333333333333333,0.16666666666666666,1.0,,,,3.0,4.0,,,,0.75,,,,,,,,,,,,,,,,,,1610612764,2015,2014-15,False
1889-202338-203078-203490-2403,1610612764,"Andre Miller, Kevin Seraphin, Bradley Beal, Otto Porter Jr., Nene","Miller, Seraphin, Beal, Porter Jr., Nene",1889-202338-203078-203490-2403,WAS,356.0,3,6.0,-1.0,9.0,10.0,3.0,3.0,19.0,,,2.0,3.0,7.0,8.0,,2.0,4.0,,4.0,,4.0,1.0,5.0,4.0,3.0,1.0,0.3888888888888889,0.6666666666666666,0.2857142857142857,76.85393258426966,20.555555555555557,17.1,19.22222222222222,14.3,,,0.5714285714285714,0.5189928571428571,0.5209,0.5714285714285714,24.25,0.3333333333333333,2.0,2.0,1.0,1.0,2.0,5.0,1.0,2.0,,1.0,,1.0,,1.0,1.0,,0.4,0.5,0.2857142857142857,0.5,1.0,0.2857142857142857,1.0,1.0,0.5,1.0,0.125,,7.58,1.0,,3.0,1.0,4.0,5.0,,,1.0,,,,,,,,1.0,0.75,0.5,,,0.14285714285714285,0.16666666666666666,1.0,1.0,,2.0,,,2.0,,,,1.0,1.0,2.0,,4.0,,2.0,2.0,2.0,,4.0,1.0,,1.0,2.0,1.0,,1.0,,1.0,1.0,,,,1.0,1.0,1.0,0.3333333333333333,,0.2,,1.0,,,1.0,0.2857142857142857,,,,,,0.2857142857142857,,,1.0,,,0.7464,0.2857142857142857,,,,,,,,,,,,,,,,,,,,,1.0,,1.0,,,,,,,,,,,,,,,,,,,,,,,,,,,1.0,,,1.0,,,1.0,,1.0,,,,,,,,1.0,,,,,,,,,,1610612764,2015,2014-15,False
1889-202338-203078-203490-2446,1610612764,"Andre Miller, Kevin Seraphin, Bradley Beal, Otto Porter Jr., Rasual Butler","Miller, Seraphin, Beal, Porter Jr., Butler",1889-202338-203078-203490-2446,WAS,26.0,1,,2.0,1.0,,,,1.0,,,,,2.0,,,,,,,,,,2.0,,,,1.0,,,55.38461538461538,16.0,,16.0,,,,1.0,0.6301,,,,,1.0,1.0,,,1.0,1.0,,,,,,,,,,,1.0,,1.0,,,1.0,1.0,1.0,,,,,0.8,,,,,,,,,,,,,,,,,,,,,,,,,,,,,,,,,,,,,,2.0,,1.0,1.0,1.0,,2.0,,,,,,,,,1.0,1.0,,,,,,,,,,,,,,1.0,,,,,,,,,,,,,,,,,,,,,,,,,,,,,,,,,,,,,,,,,,,,,,,,,,,,,,,,,,,,,,,,,,,,,,,,,,,,,,,,,,,,,,,,,,1610612764,2015,2014-15,False
1889-202338-203078-203490-2743,1610612764,"Andre Miller, Kevin Seraphin, Bradley Beal, Otto Porter Jr., Kris Humphries","Miller, Seraphin, Beal, Porter Jr., Humphries",1889-202338-203078-203490-2743,WAS,1090.0,4,18.0,-7.0,31.0,33.0,,1.0,64.0,2.0,,2.0,4.0,31.0,38.0,,,,2.0,10.0,1.0,6.0,,28.0,,,,0.5344827586206896,,0.07692307692307693,84.55045871559632,17.06451612903226,17.0,16.838709677419356,15.636363636363637,0.07692307692307693,,0.5,0.5068615384615385,,,26.45,,8.0,11.0,,,12.0,24.0,,,8.0,2.0,1.0,5.0,,6.0,8.0,,0.5,,0.5192307692307693,,0.4,0.4230769230769231,0.7272727272727273,0.8,,,0.10344827586206896,,8.275,8.0,1.0,6.0,1.0,12.0,15.0,,,3.0,3.0,,3.0,3.0,,0.041666666666666664,0.09090909090909091,1.0,0.75,0.7857142857142857,,0.6,0.3076923076923077,0.1111111111111111,3.0,2.0,1.0,5.0,3.0,,,,,1.0,1.0,2.0,3.0,,16.0,,8.0,9.0,5.0,1.0,19.0,3.0,5.0,3.0,2.0,,3.0,1.0,,0.6666666666666666,0.7272727272727273,0.5,,0.5,0.5,0.5,0.5,0.25,0.8333333333333334,0.23076923076923078,0.3333333333333333,0.4,0.75,1.0,0.625,0.19230769230769232,0.2,0.2,1.0,0.375,0.375,,,,1.0,,,0.5621,0.0967741935483871,1.0,,3.0,1.0,,1.0,,,,1.0,,,,,0.5,0.5,,0.5,2.0,,1.0,0.6666666666666666,2.0,2.0,0.6666666666666666,3.0,,,,,,,,,,1.0,,,,,,1.0,,,,1.0,,,,,,,1.0,2.0,,,,0.5,,,,,,,,,,,,,,,,,,1610612764,2015,2014-15,False
1889-202338-203078-2400-2446,1610612764,"Andre Miller, Kevin Seraphin, Bradley Beal, Drew Gooden, Rasual Butler","Miller, Seraphin, Beal, Gooden, Butler",1889-202338-203078-2400-2446,WAS,552.0,4,9.0,-4.0,19.0,19.0,8.0,3.0,38.0,1.0,,1.0,6.0,21.0,25.0,,2.0,8.0,1.0,7.0,,7.0,1.0,21.0,8.0,8.0,1.0,0.75,1.0,0.09090909090909091,99.1304347826087,15.31578947368421,13.736842105263158,15.0,13.526315789473685,0.09090909090909091,,0.36363636363636365,0.4915227272727272,0.4651,0.38095238095238093,26.3,0.42105263157894735,3.0,3.0,1.0,1.0,6.0,10.0,3.0,3.0,4.0,5.0,4.0,6.0,4.0,4.0,5.0,,0.6,1.0,0.6818181818181818,1.0,0.8333333333333334,0.2727272727272727,1.0,1.0,0.3333333333333333,1.0,0.23076923076923078,,12.89,7.0,1.0,5.0,1.0,7.0,8.0,1.0,,3.0,,,,,,0.1,,1.0,0.8333333333333334,0.8571428571428571,,1.0,0.6363636363636364,0.25,1.0,,,,3.0,,,,,1.0,,1.0,,,8.0,,4.0,5.0,2.0,,11.0,1.0,1.0,1.0,,,1.0,1.0,,0.6666666666666666,0.6666666666666666,1.0,,1.0,,,,0.25,1.0,0.25,,0.25,1.0,,0.6666666666666666,,,,,0.42857142857142855,0.5,,,,,,,0.3904,,1.0,,3.0,1.0,,1.0,,,,1.0,,,,,1.0,1.0,,1.0,2.0,1.0,0.8,0.6666666666666666,,,,,,,,,,,,,,1.0,,,,,,1.0,,,,,,,,,,,,,,,,,,,0.14285714285714285,,,,,,,,,,,,,,,1610612764,2015,2014-15,False
1889-202338-203078-2403-2446,1610612764,"Andre Miller, Kevin Seraphin, Bradley Beal, Nene, Rasual Butler","Miller, Seraphin, Beal, Nene, Butler",1889-202338-203078-2403-2446,WAS,497.0,5,8.0,-3.0,17.0,16.0,2.0,,33.0,1.0,,1.0,3.0,14.0,17.0,,,,1.0,5.0,,7.0,,11.0,,2.0,,0.4666666666666667,,0.08333333333333333,95.61368209255534,16.764705882352942,13.25,16.41176470588235,11.75,0.08333333333333333,,0.6666666666666666,0.5465458333333334,,,25.9,0.11764705882352941,3.0,7.0,,,4.0,11.0,,,6.0,2.0,1.0,6.0,1.0,3.0,5.0,,0.36363636363636365,,0.4583333333333333,,0.3333333333333333,0.5833333333333334,0.42857142857142855,0.5,,,0.26666666666666666,,4.963636363636364,1.0,1.0,3.0,,4.0,7.0,,,4.0,,,,,,0.09090909090909091,0.14285714285714285,,0.6,0.5,,1.0,0.08333333333333333,0.2857142857142857,3.0,2.0,,3.0,1.0,,,,,1.0,1.0,2.0,3.0,,2.0,,1.0,2.0,1.0,,5.0,3.0,1.0,3.0,4.0,1.0,4.0,1.0,1.0,0.25,0.25,1.0,,1.0,0.5,0.5,0.5,0.5,0.3333333333333333,0.5,0.75,,0.3333333333333333,,0.3333333333333333,0.25,,,,1.0,1.0,,,,1.0,,,0.61055,0.21428571428571427,1.0,,3.0,1.0,,1.0,,,,1.0,,,,,1.0,1.0,,1.0,,1.0,,,3.0,,,,1.0,,,,,,,,,1.0,,,,,,1.0,,,,1.0,,,,,,,1.0,,,,,0.5,,,,,,,,,,,,,1.0,,,,,1610612764,2015,2014-15,False
1889-202338-203078-2446-2743,1610612764,"Andre Miller, Kevin Seraphin, Bradley Beal, Rasual Butler, Kris Humphries","Miller, Seraphin, Beal, Butler, Humphries",1889-202338-203078-2446-2743,WAS,3664.0,22,61.0,-3.0,113.0,115.0,2.0,11.0,228.0,6.0,,9.0,21.0,123.0,126.0,,,2.0,6.0,22.0,,28.0,2.0,96.0,2.0,2.0,,0.521551724137931,0.3333333333333333,0.08653846153846154,89.60698689956331,16.946902654867255,15.208695652173914,15.619469026548673,14.634782608695652,0.057692307692307696,,0.4423076923076923,0.4937235576923077,0.49910000000000004,0.016260162601626018,24.966666666666665,0.017699115044247787,23.0,37.0,1.0,2.0,48.0,95.0,1.0,3.0,48.0,10.0,6.0,23.0,,16.0,37.0,,0.5052631578947369,0.3333333333333333,0.49038461538461536,0.3333333333333333,0.43478260869565216,0.3557692307692308,0.6216216216216216,0.71875,0.6666666666666666,0.5,0.12280701754385964,,8.945263157894738,33.0,8.0,32.0,4.0,48.0,71.0,2.0,2.0,14.0,5.0,3.0,2.0,6.0,1.0,0.08421052631578947,0.13513513513513514,1.0,0.8,0.8,0.8571428571428571,0.6363636363636364,0.3173076923076923,0.13333333333333333,21.0,15.0,12.0,25.0,13.0,1.0,3.0,,,2.0,11.0,20.0,27.0,,48.0,,24.0,26.0,9.0,6.0,54.0,21.0,12.0,23.0,2.0,,13.0,4.0,5.0,0.5,0.6,0.2222222222222222,,0.2222222222222222,0.55,0.5681818181818182,0.5869565217391305,0.44680851063829785,0.8,0.42592592592592593,0.42857142857142855,0.45,0.7692307692307693,1.0,0.391304347826087,0.2403846153846154,0.48,0.5217391304347826,0.5,0.3939393939393939,0.40625,0.028846153846153848,0.3333333333333333,0.3333333333333333,0.6818181818181818,,,0.5567225,0.21951219512195122,1.0,,6.0,1.0,,2.0,1.0,2.0,2.0,1.0,,,0.043478260869565216,1.0,0.16666666666666666,0.16666666666666666,,0.16666666666666666,9.0,4.0,0.8666666666666667,0.6923076923076923,2.0,3.0,0.5,2.0,,,1.0,,,,1.0,1.0,2.0,1.0,2.0,0.5,0.2857142857142857,0.46153846153846156,0.5,1.0,0.045454545454545456,,,2.0,0.2,0.08,1.0,,,2.0,10.0,16.0,,,2.0,0.6666666666666666,,,0.030303030303030304,1.0,1.0,0.045454545454545456,,0.2,1.0,1.0,1.0,,,1.0,1.0,,,1610612764,2015,2014-15,False
1889-202338-203318-203490-2400,1610612764,"Andre Miller, Kevin Seraphin, Glen Rice, Otto Porter Jr., Drew Gooden","Miller, Seraphin, Rice, Porter Jr., Gooden",1889-202338-203318-203490-2400,WAS,1198.0,4,20.0,-7.0,33.0,33.0,3.0,5.0,66.0,5.0,1.0,5.0,2.0,35.0,42.0,1.0,,2.0,5.0,7.0,,4.0,,23.0,2.0,3.0,,0.5,0.25,0.15151515151515152,79.33222036727881,18.424242424242426,17.87878787878788,17.181818181818183,16.363636363636363,0.15151515151515152,0.25,0.6060606060606061,0.49523181818181816,0.4885625,0.05714285714285714,26.18,0.09090909090909091,8.0,15.0,1.0,2.0,15.0,28.0,1.0,3.0,16.0,2.0,2.0,6.0,,4.0,15.0,,0.5357142857142857,0.3333333333333333,0.5,0.25,0.3333333333333333,0.45454545454545453,0.5333333333333333,0.5714285714285714,0.5,0.5,0.05714285714285714,,7.146428571428571,5.0,1.0,9.0,,11.0,19.0,1.0,1.0,2.0,2.0,,2.0,2.0,,0.03571428571428571,0.06666666666666667,,0.5625,0.6111111111111112,0.5,0.6666666666666666,0.15151515151515152,0.06666666666666667,7.0,5.0,3.0,8.0,4.0,,,,,1.0,4.0,5.0,12.0,,14.0,,7.0,8.0,3.0,1.0,17.0,6.0,2.0,8.0,1.0,1.0,4.0,,3.0,0.4666666666666667,0.5833333333333334,0.2,,0.2,0.8,0.9166666666666666,0.8571428571428571,0.46153846153846156,1.0,0.4117647058823529,0.42857142857142855,,1.0,,0.375,0.24242424242424243,0.375,0.375,0.3333333333333333,0.8,0.8,,,,0.8333333333333334,,,0.59215,0.34285714285714286,1.0,,3.0,1.0,,1.0,,1.0,1.0,1.0,,,0.0625,,0.2,0.2,,0.2,3.0,,0.5555555555555556,0.75,,1.0,0.5,,1.0,,,,,1.0,1.0,1.0,1.0,1.0,1.0,1.0,0.25,0.6,,1.0,0.16666666666666666,1.0,1.0,1.0,0.25,,2.0,,,,4.0,6.0,,,,0.8,1.0,1.0,,,,,,,,,,,,,,,,1610612764,2015,2014-15,False
1889-202338-203318-203490-2403,1610612764,"Andre Miller, Kevin Seraphin, Glen Rice, Otto Porter Jr., Nene","Miller, Seraphin, Rice, Porter Jr., Nene",1889-202338-203318-203490-2403,WAS,108.0,1,2.0,-2.0,4.0,4.0,,,8.0,,,,,2.0,4.0,,,,,,,,,2.0,,,,0.5,,,106.66666666666666,13.0,14.0,13.0,14.0,,,,0.42605,,,,,,,,,1.0,2.0,,,,,,2.0,,1.0,4.0,,0.5,,0.5,,,,,,,,,,16.9,2.0,,1.0,,2.0,2.0,1.0,,,,,,,,,,,1.0,1.0,,1.0,1.0,,,,,,1.0,,,,,,,,,,2.0,,1.0,1.0,,,2.0,,1.0,,,,2.0,,2.0,1.0,1.0,,,,,,,,1.0,,,,1.0,,,,,,,0.5,0.5,,,,,,,,,,,,,,,,,,,,,,,,,,,1.0,,,1.0,,,,,,,,,,,,,,,,,,,,,,,,,,,,,,,,,,,,,,,,,,,,,,,,,,,,,,1610612764,2015,2014-15,False
1889-202338-203490-2400-2446,1610612764,"Andre Miller, Kevin Seraphin, Otto Porter Jr., Drew Gooden, Rasual Butler","Miller, Seraphin, Porter Jr., Gooden, Butler",1889-202338-203490-2400-2446,WAS,2570.0,10,43.0,-12.0,72.0,77.0,,1.0,149.0,9.0,,12.0,10.0,71.0,83.0,,,,9.0,19.0,1.0,14.0,,55.0,,,,0.5298507462686567,,0.19672131147540983,83.4863813229572,18.708333333333332,15.883116883116884,17.694444444444443,15.090909090909092,0.14754098360655737,,0.47540983606557374,0.46719590163934427,,,25.108333333333334,,10.0,17.0,,,23.0,49.0,,,22.0,10.0,5.0,17.0,,12.0,22.0,1.0,0.46938775510204084,,0.5,,0.5882352941176471,0.2786885245901639,0.5882352941176471,0.7142857142857143,,,0.08955223880597014,0.07692307692307693,8.993877551020407,14.0,4.0,21.0,5.0,33.0,45.0,1.0,2.0,5.0,2.0,2.0,,2.0,,0.08163265306122448,0.17647058823529413,1.0,0.7241379310344828,0.7567567567567568,0.7777777777777778,0.8333333333333334,0.22950819672131148,0.09259259259259259,10.0,4.0,7.0,18.0,6.0,2.0,3.0,,,5.0,5.0,7.0,16.0,,24.0,,12.0,17.0,6.0,2.0,39.0,9.0,7.0,12.0,2.0,1.0,7.0,5.0,1.0,0.5217391304347826,0.6,0.4166666666666667,,0.4166666666666667,0.7142857142857143,0.8888888888888888,0.8888888888888888,0.34615384615384615,0.875,0.3333333333333333,0.2857142857142857,0.25,0.8,1.0,0.6,0.29508196721311475,0.3888888888888889,0.4117647058823529,0.2857142857142857,0.42857142857142855,0.42857142857142855,0.04918032786885246,0.6666666666666666,0.6666666666666666,0.4444444444444444,,,0.4874125,0.22535211267605634,3.0,,15.0,3.0,,5.0,2.0,,3.0,1.0,,,,1.0,0.3333333333333333,0.3333333333333333,,0.3333333333333333,4.0,,0.6428571428571429,0.6666666666666666,1.0,2.0,1.0,1.0,2.0,,,,,2.0,2.0,2.0,2.0,3.0,2.0,1.0,0.2857142857142857,0.45454545454545453,,1.0,0.2222222222222222,1.0,1.0,,0.3333333333333333,0.05555555555555555,1.0,4.0,,1.0,3.0,6.0,,,1.0,0.75,1.0,0.5,,,,,,,,,,,,,,,,1610612764,2015,2014-15,False
1889-202338-203490-2403-2446,1610612764,"Andre Miller, Kevin Seraphin, Otto Porter Jr., Nene, Rasual Butler","Miller, Seraphin, Porter Jr., Nene, Butler",1889-202338-203490-2403-2446,WAS,3521.0,14,59.0,5.0,102.0,104.0,5.0,4.0,206.0,7.0,1.0,8.0,4.0,112.0,107.0,1.0,,5.0,7.0,20.0,,8.0,,89.0,5.0,5.0,,0.5333333333333333,0.625,0.07766990291262135,84.24879295654644,18.0,16.201923076923077,17.08823529411765,15.35576923076923,0.06796116504854369,0.25,0.36893203883495146,0.4720868932038835,0.3921,0.044642857142857144,25.487499999999997,0.049019607843137254,18.0,30.0,,,48.0,95.0,1.0,3.0,54.0,9.0,6.0,17.0,1.0,17.0,27.0,,0.5052631578947369,0.3333333333333333,0.5242718446601942,0.625,0.5294117647058824,0.2912621359223301,0.6,0.782608695652174,,,0.05714285714285714,,9.867368421052632,35.0,8.0,31.0,2.0,46.0,65.0,2.0,,6.0,10.0,5.0,4.0,10.0,,0.08421052631578947,0.23333333333333334,1.0,0.7209302325581395,0.7457627118644068,0.38461538461538464,0.7272727272727273,0.33980582524271846,0.061855670103092786,16.0,8.0,17.0,30.0,13.0,1.0,1.0,,,4.0,11.0,16.0,23.0,1.0,42.0,,21.0,25.0,8.0,5.0,54.0,18.0,13.0,19.0,3.0,,8.0,3.0,3.0,0.4375,0.5,0.5,1.0,0.5,0.6875,0.6875,0.6764705882352942,0.391304347826087,0.8125,0.38,0.5833333333333334,0.19047619047619047,0.8181818181818182,0.8,0.4444444444444444,0.2912621359223301,0.5666666666666667,0.5862068965517241,0.29411764705882354,0.37142857142857144,0.37142857142857144,0.009708737864077669,1.0,1.0,0.5,,,0.5131866666666667,0.20535714285714285,3.0,1.0,12.0,3.0,,4.0,1.0,,1.0,1.0,,,,1.0,0.42857142857142855,0.42857142857142855,1.0,0.42857142857142855,8.0,4.0,0.9473684210526315,0.6153846153846154,3.0,5.0,0.5,,1.0,1.0,,,,,,,,3.0,1.0,,0.25,0.5384615384615384,,1.0,,,,1.0,0.25,0.03333333333333333,2.0,1.0,,2.0,6.0,12.0,,,,0.75,,,,,,,,,,,,,1.0,,,,,1610612764,2015,2014-15,False
1889-202338-203490-2446-2743,1610612764,"Andre Miller, Kevin Seraphin, Otto Porter Jr., Rasual Butler, Kris Humphries","Miller, Seraphin, Porter Jr., Butler, Humphries",1889-202338-203490-2446-2743,WAS,6754.0,22,113.0,-26.0,192.0,198.0,10.0,19.0,390.0,13.0,1.0,19.0,20.0,213.0,239.0,1.0,1.0,14.0,13.0,43.0,,24.0,1.0,190.0,14.0,10.0,,0.5095693779904307,0.7777777777777778,0.09595959595959595,83.15072549600237,18.723958333333332,15.954545454545455,17.203125,15.075757575757576,0.06565656565656566,0.125,0.3484848484848485,0.45509365482233505,0.4863875,0.06572769953051644,25.478947368421053,0.052083333333333336,26.0,50.0,1.0,2.0,89.0,179.0,5.0,7.0,58.0,15.0,6.0,24.0,1.0,27.0,50.0,,0.4972067039106145,0.7142857142857143,0.48737373737373735,0.8125,0.625,0.25252525252525254,0.52,0.5909090909090909,0.25,0.5,0.057692307692307696,,10.248603351955307,68.0,10.0,38.0,4.0,67.0,107.0,1.0,,12.0,15.0,12.0,3.0,15.0,,0.055865921787709494,0.12,1.0,0.6031746031746031,0.6847826086956522,0.5185185185185185,0.6363636363636364,0.3434343434343434,0.06349206349206349,26.0,13.0,27.0,61.0,36.0,1.0,6.0,,,5.0,8.0,27.0,23.0,1.0,120.0,3.0,60.0,64.0,16.0,14.0,132.0,37.0,25.0,40.0,10.0,4.0,9.0,9.0,4.0,0.6741573033707865,0.6976744186046512,0.2631578947368421,1.0,0.2631578947368421,0.2962962962962963,0.3333333333333333,0.3382352941176471,0.4111111111111111,0.8620689655172413,0.3883495145631068,0.375,0.46875,0.8636363636363636,0.8571428571428571,0.6153846153846154,0.30808080808080807,0.4426229508196721,0.47368421052631576,0.5185185185185185,0.5294117647058824,0.5294117647058824,0.030303030303030304,0.16666666666666666,0.16666666666666666,0.3939393939393939,,,0.4977566666666667,0.107981220657277,4.0,1.0,12.0,4.0,,4.0,,3.0,5.0,0.8,,,0.03225806451612903,,0.3076923076923077,0.3076923076923077,1.0,0.3076923076923077,30.0,2.0,0.7142857142857143,0.8333333333333334,6.0,9.0,0.6,,1.0,,,,,2.0,4.0,2.0,6.0,4.0,3.0,0.3333333333333333,0.23076923076923078,0.38235294117647056,,1.0,0.12121212121212122,0.5,1.0,1.0,0.375,0.06557377049180328,3.0,5.0,,1.0,4.0,6.0,,1.0,,0.3076923076923077,,,,1.0,2.0,0.06060606060606061,,0.25,,,,,,,,,,1610612764,2015,2014-15,False
1889-203078-203490-2403-2743,1610612764,"Andre Miller, Bradley Beal, Otto Porter Jr., Nene, Kris Humphries","Miller, Beal, Porter Jr., Nene, Humphries",1889-203078-203490-2403-2743,WAS,101.0,2,2.0,8.0,3.0,2.0,,,5.0,3.0,,3.0,,8.0,,,,,3.0,,,,,5.0,,,,1.0,,0.75,71.2871287128713,20.333333333333332,20.0,19.0,20.0,0.75,,1.0,0.49131250000000004,,,25.400000000000002,,1.0,1.0,,,1.0,1.0,,,2.0,,,,,,,,1.0,,1.0,,,0.25,1.0,1.0,,,,,3.1,,,2.0,,2.0,3.0,,,,,,,,,,,,1.0,1.0,1.0,,,,1.0,,,,,,,,,2.0,,,3.0,,,,,2.0,,,6.0,,,1.0,,,,,,,,0.6666666666666666,,0.6666666666666666,,1.5,1.5,,,1.0,,,,,,,,,,,,,,,,,,,0.375,2.0,,6.0,2.0,,2.0,,,,1.0,,,,,0.6666666666666666,0.6666666666666666,,0.6666666666666666,,,1.0,,,,,,,,,,,1.0,1.0,1.0,1.0,2.0,1.0,1.0,1.0,,,1.0,1.0,1.0,1.0,,1.0,,,,,,,,,,,,,,,,,,,,,,,,,,,,,1610612764,2015,2014-15,False
1889-203078-2400-2403-2446,1610612764,"Andre Miller, Bradley Beal, Drew Gooden, Nene, Rasual Butler","Miller, Beal, Gooden, Nene, Butler",1889-203078-2400-2403-2446,WAS,66.0,1,1.0,-3.0,3.0,2.0,,,5.0,,,,,2.0,5.0,,,,,,,,,2.0,,,,0.5,,,109.09090909090908,14.666666666666666,11.0,14.666666666666666,11.0,,,,0.41105,,,,,,,,,1.0,2.0,,,2.0,1.0,1.0,1.0,,1.0,2.0,,0.5,,0.5,,1.0,,,,,,,,13.25,1.0,,,,,,,,,,,,,,,,,,,,,0.5,,,,1.0,1.0,,,,,,,,,,,,,,,,,,,,,,,,,,,,,,,,,,,,,,,,,,0.5,1.0,1.0,,,,,,,,,,,,,,,,,,,,,,,,,,,,,,,,,,,,,,,,,,,,,,,,,,,,,,,,,,,,,,,,,,,,,,,,,,,,,,,,,,,,,,,1610612764,2015,2014-15,False
1889-203078-2403-2446-2743,1610612764,"Andre Miller, Bradley Beal, Nene, Rasual Butler, Kris Humphries","Miller, Beal, Nene, Butler, Humphries",1889-203078-2403-2446-2743,WAS,191.0,2,3.0,2.0,5.0,6.0,,,11.0,1.0,,1.0,,11.0,9.0,,,,1.0,2.0,,1.0,,9.0,,,,0.9166666666666666,,0.16666666666666666,82.93193717277488,17.8,17.0,15.6,17.0,0.16666666666666666,,0.6666666666666666,0.5806333333333333,,,24.4,,3.0,3.0,,,4.0,5.0,,,2.0,,,,,1.0,1.0,,0.8,,0.9166666666666666,,,0.5,1.0,1.0,,,0.16666666666666666,,6.959999999999999,2.0,,1.0,,1.0,2.0,,,1.0,,,,,,,,,1.0,1.0,,,0.3333333333333333,0.2,1.0,1.0,,,1.0,,,,,1.0,1.0,1.0,2.0,,6.0,,3.0,4.0,2.0,,9.0,1.0,,1.0,,,,,,0.75,0.75,1.0,,1.0,1.0,1.0,1.0,1.0,,1.0,,1.0,,,0.6666666666666666,,,,,0.5,0.5,,,,1.0,,,0.7114,0.18181818181818182,1.0,,3.0,1.0,,1.0,,,,1.0,,,,,1.0,1.0,,1.0,1.0,1.0,1.0,1.0,,,,,,,,,,,,,,1.0,,,,,,1.0,,,,,,,1.0,,,,1.0,,,,,1.0,,,,,,,,,,,,,,,,,,1610612764,2015,2014-15,False
1889-203318-203490-2400-2403,1610612764,"Andre Miller, Glen Rice, Otto Porter Jr., Drew Gooden, Nene","Miller, Rice, Porter Jr., Gooden, Nene",1889-203318-203490-2400-2403,WAS,294.0,1,5.0,-1.0,10.0,8.0,,3.0,18.0,,,1.0,6.0,11.0,12.0,,,,,4.0,,9.0,,11.0,,,,0.7857142857142857,,0.3333333333333333,88.16326530612244,16.6,16.0,16.6,16.0,,,0.6666666666666666,0.5458833333333334,,,22.7,,1.0,1.0,,,1.0,2.0,,,,1.0,1.0,3.0,,1.0,5.0,1.0,0.5,,0.8333333333333334,,0.3333333333333333,0.3333333333333333,1.0,1.0,,,0.5714285714285714,0.5,6.8,,,,,2.0,2.0,,,3.0,,,,,1.0,,,,,1.0,,,,0.6,,,,1.0,,1.0,1.0,,,1.0,,,,,2.0,,1.0,2.0,1.0,,5.0,,2.0,,1.0,1.0,2.0,,2.0,1.0,1.0,1.0,,1.0,,,,,1.0,,,,1.0,,1.0,0.3333333333333333,,,,,,0.3333333333333333,1.0,1.0,,,,,,,,3.0,,,1.0,1.0,,,1.0,,,,1.0,,,,,,,,,,,,,,,,,,,,,,,,,,,,,,,,,,,,,,,,,,,,,,,,,,,,,,,,,,,,,,1610612764,2015,2014-15,False
1889-203318-203490-2400-2743,1610612764,"Andre Miller, Glen Rice, Otto Porter Jr., Drew Gooden, Kris Humphries","Miller, Rice, Porter Jr., Gooden, Humphries",1889-203318-203490-2400-2743,WAS,398.0,2,7.0,-10.0,13.0,15.0,8.0,8.0,28.0,3.0,1.0,3.0,2.0,8.0,18.0,1.0,2.0,4.0,3.0,5.0,,3.0,1.0,8.0,4.0,8.0,1.0,0.26666666666666666,0.2222222222222222,0.21428571428571427,101.30653266331657,18.0,10.933333333333334,17.615384615384617,10.8,0.21428571428571427,0.125,0.42857142857142855,0.43688571428571427,0.3611875,0.5,26.5,0.6153846153846154,2.0,3.0,,1.0,3.0,11.0,1.0,7.0,,,,1.0,1.0,1.0,3.0,,0.2727272727272727,0.14285714285714285,0.21428571428571427,0.125,,0.21428571428571427,0.6666666666666666,0.6666666666666666,0.125,,0.07142857142857142,,11.0,5.0,1.0,2.0,1.0,4.0,7.0,,,1.0,,,,,2.0,0.09090909090909091,,1.0,0.6666666666666666,0.75,,0.5,0.35714285714285715,0.09090909090909091,3.0,1.0,,3.0,1.0,,,,,,,3.0,,,6.0,,3.0,3.0,2.0,,6.0,1.0,1.0,3.0,1.0,,1.0,,,1.0,1.0,,,,,,,0.16666666666666666,1.0,0.3333333333333333,,0.3333333333333333,1.0,,1.0,0.21428571428571427,,,,0.2,0.25,,,,0.3333333333333333,,,0.4555,,,,,,,,,1.0,,,,,0.1111111111111111,,,,,,1.0,1.0,1.0,1.0,1.0,,,1.0,,,,,,,,,,,2.0,,0.6666666666666666,,,,,,,,0.6666666666666666,,2.0,,,,,,,,,,,,0.2,,,,,,,,,,,,,,,1610612764,2015,2014-15,False
1889-203490-2400-2403-2446,1610612764,"Andre Miller, Otto Porter Jr., Drew Gooden, Nene, Rasual Butler","Miller, Porter Jr., Gooden, Nene, Butler",1889-203490-2400-2403-2446,WAS,136.0,1,2.0,3.0,4.0,4.0,,,8.0,,,,2.0,6.0,3.0,,,,,2.0,,2.0,,6.0,,,,0.75,,,84.70588235294117,13.25,20.75,13.25,18.5,,,0.3333333333333333,0.5738333333333333,,,,,1.0,1.0,,,2.0,3.0,,,2.0,,,,,1.0,1.0,,0.6666666666666666,,0.6666666666666666,,,0.3333333333333333,1.0,1.0,,,0.25,,9.866666666666667,1.0,,,,,,,,1.0,1.0,1.0,,1.0,,,,,,,,,0.3333333333333333,0.25,,,1.0,1.0,,,,,,,,,,,2.0,,1.0,1.0,1.0,,2.0,,,,1.0,1.0,,,,0.5,0.5,,,,,,,,,,,,,,1.0,0.3333333333333333,1.0,1.0,,,,,,,,,,,,,,,,,,,,,,,,,,,,,,,,,,,,,,,,,,,,,,,,,,,,,,,,,,,,,,,,,,,1.0,,,,,,,,,,,,,,,,,,,,1610612764,2015,2014-15,False
1889-203490-2403-2446-2743,1610612764,"Andre Miller, Otto Porter Jr., Nene, Rasual Butler, Kris Humphries","Miller, Porter Jr., Nene, Butler, Humphries",1889-203490-2403-2446-2743,WAS,33.0,1,1.0,-3.0,1.0,1.0,1.0,,2.0,,,,,,3.0,,,,,1.0,,,,,,1.0,,,,,87.27272727272727,17.0,16.0,17.0,16.0,,,,,,,,1.0,,,,,,,,,,,,1.0,1.0,1.0,1.0,,,,,,,,,,,,,,,,,,,,,,,,,,,,,,,,,,,,,,,,,,,,,,,,,,,,,,,,,,,,,,,,1.0,,,,,,,,,,,,,,,,,,,,,,,,,,,,,,,,,,,,,,,,,,,,,,,,,,,,,,,,,,,,,,,,,,,,,,,,,,,,,,,,,,,,1.0,,,,,,,,,,,,,,,,,,,,,,,,1610612764,2015,2014-15,False
201196-201971-202322-202338-203490,1610612764,"Ramon Sessions, DeJuan Blair, John Wall, Kevin Seraphin, Otto Porter Jr.","Sessions, Blair, Wall, Seraphin, Porter Jr.",201196-201971-202322-202338-203490,WAS,8.0,1,,,,1.0,,,1.0,,,,,,,,,,,1.0,,,,,,,,,,,180.0,,8.0,,8.0,,,,,,,,,,,,,,,,,,,,,,,,,,,,,,,,,,,,,,,,,,,,,,,,,,,,,,,,,,,,,,,,,,,,,,,,,,,,,,,,,,,,,,,,,,,,,,,,,,,,,,,,,,,,,,,,,,,,,,,,,,,,,,,,,,,,,,,,,,,,,,,,,,,,,,,,,,,,,,,,,,,,,,,,1.0,,,,,,,,,,,,,,,,,,,,,,,,,,,1610612764,2015,2014-15,False
201196-201971-202322-2400-2446,1610612764,"Ramon Sessions, DeJuan Blair, John Wall, Drew Gooden, Rasual Butler","Sessions, Blair, Wall, Gooden, Butler",201196-201971-202322-2400-2446,WAS,85.0,1,1.0,3.0,3.0,3.0,3.0,3.0,6.0,1.0,1.0,2.0,,3.0,,2.0,,3.0,1.0,1.0,,,,3.0,3.0,3.0,,0.75,0.75,1.0,101.6470588235294,15.333333333333334,13.0,15.333333333333334,13.0,0.5,0.5,1.0,0.525675,0.525675,1.0,24.0,1.0,,,,,,,,,,,,1.0,1.0,,,,,,0.75,0.75,,,,,,,,,,,,1.0,,1.0,1.0,,,,,,,,,,,,1.0,1.0,1.0,,,,,,,,,1.0,1.0,1.0,1.0,1.0,,,,1.0,,,,1.0,,,3.0,,,,,,1.0,,,,,0.5,0.5,0.5,,,,,,,,,,,,,,,,,,0.5,1.0,1.0,,0.5,1.0,,,,,3.0,,1.0,1.0,1.0,,,1.0,0.5,1.0,,1.0,,,,,,,,,,,,,,,,,,,,,,,,,,,,,,,,,,,1.0,,,1.0,,,,,,,,,,,,,,,,,,,,,,,,1610612764,2015,2014-15,False
201196-201971-202338-203078-203490,1610612764,"Ramon Sessions, DeJuan Blair, Kevin Seraphin, Bradley Beal, Otto Porter Jr.","Sessions, Blair, Seraphin, Beal, Porter Jr.",201196-201971-202338-203078-203490,WAS,106.0,1,2.0,,4.0,4.0,,,8.0,,,,,6.0,6.0,,,,,1.0,,,,6.0,,,,1.0,,,108.67924528301887,12.75,13.75,12.75,11.0,,,1.0,0.6666666666666666,,,,,3.0,3.0,,,3.0,3.0,,,2.0,,,1.0,,1.0,2.0,,1.0,,1.0,,,1.0,1.0,1.0,,,,,1.4000000000000001,,,1.0,,2.0,2.0,1.0,,,,,,,,,,,1.0,1.0,,,,,,,,,,,,,,,,,,,4.0,,2.0,2.0,2.0,,4.0,,1.0,,,,1.0,,,0.6666666666666666,0.6666666666666666,,,,,,,,1.0,,,,1.0,,0.6666666666666666,,,,,,,,,,,,,,,,,,,,,,,,,,,,,,,,,,,1.0,,,,,,,,,,,,,,,,,,,,,,,,,,,,,1.0,,,,,,,,,,,,,,,,,,,,,,,,,,1610612764,2015,2014-15,False
201196-201971-202338-203490-2446,1610612764,"Ramon Sessions, DeJuan Blair, Kevin Seraphin, Otto Porter Jr., Rasual Butler","Sessions, Blair, Seraphin, Porter Jr., Butler",201196-201971-202338-203490-2446,WAS,90.0,1,2.0,1.0,3.0,2.0,,,5.0,,,,1.0,1.0,,,,,,1.0,,2.0,,1.0,,,,0.16666666666666666,,,80.0,16.0,21.0,14.0,20.5,,,,0.38005,,,,,,,,,,2.0,,,,1.0,,2.0,,,1.0,,,,,,0.5,,,,,,0.3333333333333333,,6.1,,,,,,2.0,,,1.0,,,,,,,,,,,,,,0.3333333333333333,1.0,,,2.0,,,,,,,,1.0,,,,,,,,,,1.0,,2.0,,,1.0,1.0,1.0,,,,,,,,,0.5,,0.5,,,,,,1.0,,,,,,,,,,,,0.3811,,,,,,,,,,1.0,,,,,,,,,,,,,,,,,,,,,,,,,,,,,,,0.5,,,,,,,,,,,,,,,,,,,1.0,1.0,,,,,,,,,,,,,,,,1610612764,2015,2014-15,False
201196-202066-202322-202338-2446,1610612764,"Ramon Sessions, Garrett Temple, John Wall, Kevin Seraphin, Rasual Butler","Sessions, Temple, Wall, Seraphin, Butler",201196-202066-202322-202338-2446,WAS,2.0,1,,,,,,,,1.0,1.0,1.0,,,,1.0,,,,,,,,,,,,,,1.0,,,,,,1.0,1.0,1.0,,,,52.8,,,,,,,,,,,,,,,,,,,,,,,,,,,,,,,,,,,,,,,,,,,,,,,,,,,,,,,,,,,,,,,,,,,,,,,,,,,,,,,,,,,,,,,,,,,,,,,,,,,,,,,,,,,,,,,,,,,,,,,,,,,,,,,,,,,,,,,,,,,,,,,,,,,,,,,,,,,,,,,,,,,1.0,,,,,,,,,,,,,,,,,,,,,,,,,1610612764,2015,2014-15,False
201196-202066-202322-203490-2400,1610612764,"Ramon Sessions, Garrett Temple, John Wall, Otto Porter Jr., Drew Gooden","Sessions, Temple, Wall, Porter Jr., Gooden",201196-202066-202322-203490-2400,WAS,25.0,1,,2.0,1.0,1.0,1.0,1.0,2.0,,,,,2.0,,,,2.0,,,,,,2.0,2.0,1.0,,1.0,1.0,,115.19999999999999,22.0,3.0,22.0,3.0,,,1.0,0.3597,0.3597,1.0,,1.0,1.0,1.0,1.0,1.0,1.0,1.0,1.0,1.0,,,,,,,,,1.0,1.0,1.0,1.0,,1.0,1.0,1.0,1.0,1.0,,,2.8,,,,,,,,,,,,,1.0,,,,,,,,,,,,,,,,,,,,,,,,,2.0,,1.0,1.0,1.0,,2.0,,,,,,,,,1.0,1.0,,,,,,,,,,,,,,1.0,,,,,,,,,,,,,,,,,,,,,,,,,,,,,,,,,,,,,,,,,,,1.0,,,,,,,,,,,,,,,,,,,,,,,,,,,,,,,,,,,,,,,,,,,,1.0,,,1610612764,2015,2014-15,False
201196-202066-202322-2403-2743,1610612764,"Ramon Sessions, Garrett Temple, John Wall, Nene, Kris Humphries","Sessions, Temple, Wall, Nene, Humphries",201196-202066-202322-2403-2743,WAS,107.0,1,2.0,,4.0,3.0,,,7.0,1.0,,2.0,,8.0,8.0,,,,1.0,,,,,8.0,,,,1.3333333333333333,,0.6666666666666666,94.2056074766355,13.25,18.0,13.25,18.0,0.3333333333333333,,1.0,0.5485333333333333,,,24.75,,1.0,1.0,,,1.0,1.0,,,,1.0,,1.0,,3.0,3.0,,1.0,,1.3333333333333333,,1.0,0.3333333333333333,1.0,1.0,,,,,1.5,,,,,,,,,,,,,,,,,,,,,,,,,,,,,1.0,1.0,,,2.0,,,,,2.0,,1.0,3.0,1.0,,8.0,,,,,,,1.0,,1.0,1.0,1.0,,1.0,,,,,,,,,,,1.0,,,,,,,0.3333333333333333,1.0,1.0,,,,,,1.0,,6.0,1.0,,2.0,1.0,,,1.0,,,,1.0,1.0,1.0,,1.0,,,,,,,,,,,,,,,,,,1.0,,,,,,1.0,,,,,,,,,,,,,,,,,,,,,,,,,,,,,,,,,,1610612764,2015,2014-15,False
201196-202066-202338-203490-2400,1610612764,"Ramon Sessions, Garrett Temple, Kevin Seraphin, Otto Porter Jr., Drew Gooden","Sessions, Temple, Seraphin, Porter Jr., Gooden",201196-202066-202338-203490-2400,WAS,720.0,3,12.0,-3.0,21.0,22.0,2.0,4.0,43.0,4.0,,4.0,2.0,18.0,21.0,,2.0,2.0,4.0,3.0,,2.0,1.0,16.0,2.0,2.0,1.0,0.375,0.5,0.17391304347826086,86.0,16.428571428571427,17.045454545454547,15.047619047619047,16.363636363636363,0.17391304347826086,,0.30434782608695654,0.4434673913043478,0.2862,0.1111111111111111,25.45,0.09523809523809523,1.0,3.0,,,8.0,19.0,,1.0,2.0,,,1.0,,5.0,10.0,,0.42105263157894735,,0.34782608695652173,,,0.13043478260869565,0.3333333333333333,0.5,,,,,9.705263157894738,7.0,1.0,4.0,3.0,11.0,15.0,1.0,,,,,,,,0.05263157894736842,0.3333333333333333,1.0,0.8,0.8,1.0,,0.30434782608695654,,2.0,1.0,5.0,9.0,2.0,,,,,,1.0,3.0,2.0,,14.0,,7.0,7.0,1.0,4.0,14.0,3.0,4.0,4.0,1.0,,1.0,,,0.875,0.875,,,,0.3333333333333333,0.25,0.25,0.2727272727272727,0.8,0.26666666666666666,1.0,,0.75,1.0,1.0,0.391304347826087,0.5555555555555556,0.5555555555555556,0.8,0.2857142857142857,0.2857142857142857,,,,0.25,,,0.46754999999999997,0.1111111111111111,,,,,,,,1.0,,,,,0.07142857142857142,,,,,,2.0,,1.0,1.0,1.0,,,,1.0,,,,,,1.0,,1.0,,1.0,,0.25,0.25,,,0.25,,,,0.25,,1.0,,,,,,,,,,,,,,,,,,,,,,,,,,,1610612764,2015,2014-15,False
201196-202066-202338-203490-2743,1610612764,"Ramon Sessions, Garrett Temple, Kevin Seraphin, Otto Porter Jr., Kris Humphries","Sessions, Temple, Seraphin, Porter Jr., Humphries",201196-202066-202338-203490-2743,WAS,73.0,1,1.0,-3.0,2.0,2.0,,2.0,4.0,,,,,,3.0,,,,,1.0,,,,,,,,,,,78.9041095890411,22.0,14.5,22.0,14.5,,,,0.37415,,,,,,,,,,2.0,,,,,,,,,,,,,,,,,,,,,,,13.0,1.0,,,,1.0,1.0,,,,,,,,,,,,,1.0,,,0.5,,,,,1.0,,,,,,,,,,,,,,,,,,,1.0,,,,,,,,,,,,,,,,1.0,,,,1.0,,,0.5,,,,,,,,,,,,,,,,,,,,,,,,,,,,,,,,,,,,,,,,,,,,,,,,,,,,,,,,,,,,,,,,,,,,,,,,,,,,,,,,,,,,,,,,,1610612764,2015,2014-15,False
201196-202066-202338-2400-2446,1610612764,"Ramon Sessions, Garrett Temple, Kevin Seraphin, Drew Gooden, Rasual Butler","Sessions, Temple, Seraphin, Gooden, Butler",201196-202066-202338-2400-2446,WAS,262.0,1,4.0,5.0,9.0,9.0,,,18.0,,,,1.0,7.0,2.0,,,,,1.0,,1.0,,7.0,,,,0.4375,,,98.93129770992367,15.222222222222221,13.88888888888889,15.222222222222221,13.444444444444445,,,0.375,0.49335,,,,,2.0,3.0,,,3.0,8.0,,,4.0,,,1.0,,3.0,3.0,,0.375,,0.375,,,0.375,0.6666666666666666,1.0,,,0.125,,6.5125,1.0,2.0,2.0,2.0,7.0,7.0,,,1.0,,,,,,0.25,0.3333333333333333,1.0,0.6666666666666666,0.8333333333333334,0.5,,0.125,0.125,,,1.0,4.0,,,,,,,,,,,2.0,,1.0,1.0,1.0,,2.0,,3.0,,,,1.0,,,0.3333333333333333,0.3333333333333333,,,,,,,,1.0,,,,1.0,1.0,0.5,0.5,0.25,0.25,,,,,,,,,,,,,,,,,,,,,,,,,,,,,,,1.0,1.0,,,,,1.0,,,,,,,,,,,,,,,,,,,,,,,,,,,,,,,,,,,1.0,,,,,,,,,,,,,,,1610612764,2015,2014-15,False
201196-202066-202338-2446-2743,1610612764,"Ramon Sessions, Garrett Temple, Kevin Seraphin, Rasual Butler, Kris Humphries","Sessions, Temple, Seraphin, Butler, Humphries",201196-202066-202338-2446-2743,WAS,58.0,1,1.0,2.0,2.0,2.0,,,4.0,1.0,,1.0,,2.0,,,,,1.0,,,,,2.0,,,,0.5,,0.5,99.3103448275862,9.0,20.0,9.0,20.0,0.5,,0.5,0.515775,,,24.4,,,,,,1.0,1.0,,,2.0,,,,,,1.0,,1.0,,0.5,,,,,,,,,,8.0,,,1.0,,1.0,1.0,,,,,,,,,,,,1.0,1.0,,1.0,,,,,1.0,1.0,,,,,,,,,,,,,,,,,,,,,,,,,,,,,,,,,,,,,,,,,,0.5,1.0,1.0,,,,,,,,,,,,,,,,,,,,,,,,,,,,,,,,,,,,,,,,,,,,,,,,,,,,,,,,,,,,,,,,,,,,,,,,,,,,,,,,,,,,,,,1610612764,2015,2014-15,False
201196-202066-203490-2400-2403,1610612764,"Ramon Sessions, Garrett Temple, Otto Porter Jr., Drew Gooden, Nene","Sessions, Temple, Porter Jr., Gooden, Nene",201196-202066-203490-2400-2403,WAS,110.0,1,2.0,-4.0,3.0,3.0,1.0,2.0,6.0,,,,,2.0,6.0,,,2.0,,1.0,,,,2.0,2.0,1.0,,1.0,1.0,,78.54545454545455,17.0,19.666666666666668,17.0,19.666666666666668,,,1.0,0.4244,0.4244,1.0,,0.3333333333333333,1.0,1.0,1.0,1.0,1.0,1.0,1.0,1.0,2.0,,,1.0,,,1.0,,1.0,1.0,1.0,1.0,,1.0,1.0,1.0,1.0,1.0,,,1.6,,,,,1.0,1.0,,,,,,,,,,,,,1.0,,,,,,,,,,,,,,,,,,,,,,,,,,,1.0,,,,1.0,,,,,,,,,,,,1.0,,,,1.0,,,,,,,,,,,,,,,,,,,,,,,,,,,,,,,,,,,,,,,,,,,,,,,,,,,,,,,,,,,,,,,,,,,,1.0,,,,,,,,,,,,,,,,,,,,,,,,1610612764,2015,2014-15,False
201196-202322-202338-203078-203490,1610612764,"Ramon Sessions, John Wall, Kevin Seraphin, Bradley Beal, Otto Porter Jr.","Sessions, Wall, Seraphin, Beal, Porter Jr.",201196-202322-202338-203078-203490,WAS,38.0,1,1.0,,1.0,2.0,,2.0,3.0,,,,,2.0,2.0,,,,,,,,,2.0,,,,1.0,,,113.6842105263158,12.0,13.0,12.0,13.0,,,,0.4101,,,,,,,,,1.0,1.0,,,2.0,,,,,,,,1.0,,1.0,,,,,,,,,,15.0,1.0,,,,,,,,,,,,,,,,,,,,,1.0,,,,,,1.0,,,,,,,,,,,,,,,,,,,,,,,,,,,,,,,,,,,,,,,,,,,,,1.0,1.0,,,,,,,,,,,,,,,,,,,,,,,,,,,,,,,,,,,,,,,,,,,,,,,,,,,,,,,,,,,,,,,,,,,,,,,,,,,,,,,,,,,,1610612764,2015,2014-15,False
201196-202322-202338-203078-2400,1610612764,"Ramon Sessions, John Wall, Kevin Seraphin, Bradley Beal, Drew Gooden","Sessions, Wall, Seraphin, Beal, Gooden",201196-202322-202338-203078-2400,WAS,275.0,1,5.0,3.0,9.0,9.0,,,18.0,3.0,,3.0,2.0,11.0,8.0,,,,3.0,2.0,,2.0,1.0,9.0,,,,0.6111111111111112,,0.375,94.25454545454546,12.444444444444445,18.11111111111111,10.444444444444445,16.77777777777778,0.375,,0.625,0.52165,,,25.066666666666666,,2.0,2.0,,,3.0,5.0,,,,,,1.0,,2.0,3.0,,0.6,,0.5625,,,0.25,1.0,1.0,,,,,6.62,,,3.0,,3.0,4.0,,1.0,,,,,,,,,,0.6,0.6,0.5,1.0,,,1.0,,1.0,3.0,,,,,,1.0,1.0,1.0,2.0,,6.0,3.0,3.0,3.0,2.0,1.0,6.0,1.0,,1.0,1.0,,1.0,,,1.0,1.0,0.3333333333333333,,0.3333333333333333,1.0,1.0,1.0,0.5,,0.25,,,,,1.0,0.375,0.3333333333333333,0.3333333333333333,1.0,,,,,,,,,0.36,0.18181818181818182,1.0,,,1.0,,,,,,,,,,,0.3333333333333333,0.3333333333333333,,0.3333333333333333,,,0.5,,1.0,,,1.0,,,,,,,,,,,,,,0.5,,,,,,,,,,,,,,,,,,,,,,,,,,,,,,,,,,,,1610612764,2015,2014-15,False
201196-202322-202338-203490-2400,1610612764,"Ramon Sessions, John Wall, Kevin Seraphin, Otto Porter Jr., Drew Gooden","Sessions, Wall, Seraphin, Porter Jr., Gooden",201196-202322-202338-203490-2400,WAS,147.0,2,2.0,4.0,6.0,5.0,3.0,2.0,11.0,1.0,1.0,1.0,2.0,9.0,5.0,1.0,2.0,5.0,1.0,2.0,,4.0,1.0,9.0,5.0,3.0,1.0,0.9,0.8333333333333334,0.3333333333333333,107.75510204081633,9.5,18.0,9.5,13.8,0.3333333333333333,1.0,1.0,0.6878333333333333,0.3573,0.5555555555555556,25.2,0.5,2.0,2.0,,,2.0,2.0,,,,1.0,1.0,1.0,,2.0,2.0,,1.0,,1.1666666666666667,1.5,1.0,0.6666666666666666,1.0,1.0,,,0.25,,0.5,,,,,,,,,1.0,,,,,,,,,,,,,,0.3333333333333333,,,,,,,,,,1.0,,,,1.0,4.0,,2.0,3.0,2.0,,7.0,,,,3.0,2.0,,,,1.0,1.0,1.0,1.0,1.0,,,,,,,,,,,1.0,,,,,,,,,,,,,,,1.0,1.0,3.0,1.0,,1.0,,,,1.0,,,,,1.0,1.0,1.0,1.0,,,,,1.0,,,,,,,,,,,,,1.0,,,,,,1.0,,,,,,,,,,,,,,,,,,,,,,,,,,,,,,,,,,1610612764,2015,2014-15,False
201196-202322-202338-203490-2403,1610612764,"Ramon Sessions, John Wall, Kevin Seraphin, Otto Porter Jr., Nene","Sessions, Wall, Seraphin, Porter Jr., Nene",201196-202322-202338-203490-2403,WAS,43.0,1,1.0,2.0,1.0,1.0,,1.0,2.0,,,,,2.0,,,,,,1.0,,,,2.0,,,,0.5,,,66.97674418604652,21.0,22.0,21.0,22.0,,,,0.40595,,,,,,,,,1.0,2.0,,,,,,,,,,,0.5,,0.5,,,,,,,,,,13.55,1.0,,1.0,,1.0,2.0,,,,,,,,,,,,1.0,1.0,,,0.5,,,,1.0,1.0,,,,,,,,,,,2.0,,1.0,1.0,,1.0,2.0,1.0,,1.0,,,,,,1.0,1.0,,,,,,,1.0,,1.0,,1.0,,,,0.5,1.0,1.0,1.0,,,,,,,,,,,,,,,,,,,,,,,,,,,,,,,1.0,,,,,,,,,,,,,,,,,,,,,,,,,,,,,1.0,,,,,,,,,,,,,,,,,,,,,,,,,,1610612764,2015,2014-15,False
201196-202322-202338-203490-2743,1610612764,"Ramon Sessions, John Wall, Kevin Seraphin, Otto Porter Jr., Kris Humphries","Sessions, Wall, Seraphin, Porter Jr., Humphries",201196-202322-202338-203490-2743,WAS,68.0,1,1.0,,2.0,2.0,2.0,2.0,4.0,,,1.0,2.0,2.0,2.0,1.0,2.0,2.0,,1.0,,2.0,1.0,2.0,2.0,2.0,1.0,0.5,0.5,1.0,84.70588235294117,23.0,11.0,23.0,8.0,,,1.0,0.39525,0.39525,1.0,23.7,1.0,,,,,,,,,,,,,,,,,,,,,,,,,,,,,,,,,,1.0,1.0,,,,,,,,,,,,,1.0,,,,,,,,,,,1.0,,1.0,,,,,,,,,,,,,,1.0,,,,,,,,,,,,,,,,1.0,,,,1.0,,,,,,,,,1.0,,,,1.0,,,,,,,,,,,,,,,,,,,,,,,,,,,,,,,,,,,,,,,,,,,,,,,,,,,,,,,,,,,,,,,,,,,,,,,,,,,,,,,1610612764,2015,2014-15,False
201196-202322-202338-2400-2446,1610612764,"Ramon Sessions, John Wall, Kevin Seraphin, Drew Gooden, Rasual Butler","Sessions, Wall, Seraphin, Gooden, Butler",201196-202322-202338-2400-2446,WAS,886.0,5,15.0,-2.0,27.0,29.0,2.0,17.0,56.0,2.0,,4.0,3.0,29.0,31.0,,1.0,1.0,2.0,6.0,2.0,4.0,,19.0,1.0,2.0,,0.4142857142857143,0.25,0.12121212121212122,91.0158013544018,16.962962962962962,14.758620689655173,15.37037037037037,13.137931034482758,0.06060606060606061,,0.48484848484848486,0.468460606060606,0.59,0.034482758620689655,25.375,0.07407407407407407,6.0,12.0,,1.0,13.0,29.0,,1.0,16.0,,,,,7.0,13.0,,0.4482758620689655,,0.3939393939393939,,,0.36363636363636365,0.5,0.6666666666666666,1.0,,0.05714285714285714,,9.272413793103448,10.0,3.0,6.0,4.0,13.0,21.0,2.0,3.0,2.0,,,,,2.0,0.10344827586206896,0.25,0.8,0.6666666666666666,0.6428571428571429,0.5,0.6666666666666666,0.30303030303030304,0.06451612903225806,6.0,3.0,1.0,7.0,6.0,,2.0,,,,5.0,6.0,10.0,,10.0,,5.0,5.0,2.0,,10.0,8.0,3.0,8.0,2.0,1.0,,,,0.38461538461538464,0.5,,,,0.8333333333333334,0.7142857142857143,0.7142857142857143,0.5,0.6,0.4,0.5,0.5,0.5,1.0,0.3333333333333333,0.21212121212121213,0.14285714285714285,0.14285714285714285,,0.6,0.6,0.06060606060606061,,,0.42857142857142855,,,0.43427857142857146,0.3448275862068966,,,,,,,,,,,,,,,,,,,3.0,,0.75,0.5,1.0,,,,,,,,,,1.0,,1.0,,,,,0.5,,,0.14285714285714285,,,,,,,3.0,,,3.0,6.0,,,,1.0,,,,,,,,,,,,,,,,,,1610612764,2015,2014-15,False
201196-202322-202338-2403-2446,1610612764,"Ramon Sessions, John Wall, Kevin Seraphin, Nene, Rasual Butler","Sessions, Wall, Seraphin, Nene, Butler",201196-202322-202338-2403-2446,WAS,508.0,4,8.0,-3.0,15.0,16.0,,3.0,31.0,,,,6.0,16.0,19.0,,,,,4.0,,8.0,,16.0,,,,0.6153846153846154,,,87.8740157480315,15.466666666666667,17.25,15.0,16.8125,,,0.3333333333333333,0.48411111111111116,,,,,1.0,3.0,,,5.0,9.0,,,4.0,1.0,1.0,4.0,,2.0,5.0,,0.5555555555555556,,0.5555555555555556,,0.25,0.3333333333333333,0.3333333333333333,0.3333333333333333,,,0.3076923076923077,,9.988888888888889,5.0,,3.0,,5.0,7.0,,,4.0,,,,,,,,,0.6,0.5555555555555556,,1.0,0.5555555555555556,0.3076923076923077,2.0,1.0,1.0,1.0,3.0,,,,,,,1.0,,,6.0,,3.0,3.0,1.0,1.0,6.0,2.0,2.0,2.0,1.0,,3.0,,1.0,0.6,0.6,,,,,,,0.5,0.5,0.5,0.5,0.5,0.3333333333333333,1.0,1.0,0.1111111111111111,1.0,1.0,1.0,0.6,0.6,,,,1.0,,,0.5596,,,,,,,,,1.0,1.0,,,,0.25,,,,,,1.0,,1.0,0.3333333333333333,1.0,,,,1.0,,,,,,,,,,,,,,,,,,,,,,,,,1.0,,,,,,,,,,,,,,,,,,,,,,,,1610612764,2015,2014-15,False
201196-202322-202338-2446-2743,1610612764,"Ramon Sessions, John Wall, Kevin Seraphin, Rasual Butler, Kris Humphries","Sessions, Wall, Seraphin, Butler, Humphries",201196-202322-202338-2446-2743,WAS,5.0,1,,,1.0,,1.0,,1.0,,,,,,,,,,,,,,,,,1.0,,,,,288.0,5.0,,5.0,,,,1.0,0.6597,0.6597,,,1.0,,1.0,,1.0,,1.0,,1.0,,,,,,,,,,,,,,1.0,,,1.0,,,,0.6,,,,,,,,,,,,,,,,,,,,,,,,,,,,,,,,,,,,,,,,,,,,,,,,,,,,,,,,,,,,,,,,,,,,,,,,,,,,,,,,,,,,,,,,,,,,,,,,,,,,,,,,,,,,,,,,,,,,,,,,,,,,,,,,,,,,,,,,,,,,,,,,,,,,,,,,,,,,,,1610612764,2015,2014-15,False
201196-202322-203078-2400-2403,1610612764,"Ramon Sessions, John Wall, Bradley Beal, Drew Gooden, Nene","Sessions, Wall, Beal, Gooden, Nene",201196-202322-203078-2400-2403,WAS,434.0,3,7.0,-6.0,15.0,17.0,,,32.0,,,1.0,2.0,8.0,14.0,,,,,2.0,,2.0,,8.0,,,,0.25,,0.06666666666666667,106.17511520737327,14.266666666666667,12.941176470588236,13.866666666666667,12.058823529411764,,,0.4,0.4625033333333333,,,22.3,,1.0,5.0,,,3.0,14.0,,,4.0,,,,,2.0,3.0,,0.21428571428571427,,0.2,,,0.3333333333333333,0.2,0.2,,,0.0625,,11.221428571428572,8.0,1.0,6.0,2.0,9.0,10.0,,,1.0,1.0,1.0,,1.0,,0.07142857142857142,,1.0,0.6,0.5833333333333334,0.6666666666666666,1.0,0.5333333333333333,0.06666666666666667,1.0,,1.0,1.0,1.0,,1.0,,,,,1.0,,,2.0,,1.0,1.0,,,2.0,1.0,1.0,1.0,2.0,2.0,,,,0.3333333333333333,0.3333333333333333,,,,,,,0.09090909090909091,0.5,0.08333333333333333,0.25,,,0.5,,0.06666666666666667,1.0,1.0,,0.125,0.14285714285714285,0.06666666666666667,,,,,,0.4365,,,,,,,,,1.0,,,,,0.09090909090909091,,,,,,1.0,,0.3333333333333333,1.0,,,,,,,,,,,,,,,,,,,,,,,,,,,,,,,,,,,,,,,0.125,,,,,,,,,,,,,,,1610612764,2015,2014-15,False
201196-202322-203490-2400-2403,1610612764,"Ramon Sessions, John Wall, Otto Porter Jr., Drew Gooden, Nene","Sessions, Wall, Porter Jr., Gooden, Nene",201196-202322-203490-2400-2403,WAS,25.0,1,,,,1.0,,,1.0,,,,,,,,,,,1.0,,,,,,,,,,,57.599999999999994,,10.0,,10.0,,,,,,,,,,,,,,,,,,,,,,1.0,1.0,,,,,,,,,,,,,,,,,,1.0,1.0,1.0,,,,,,,,,,,1.0,,,,,,,,,,,,,,,,,,,,,,,,,,,,,,,,,,,,,,,,,,,,,,,,,,,,,,,,,,,,,,,,,,,,,,,,,,,,,,,,,,,,,,,,,,,,,,,,,,,,,,,,,,,,,,,,,,,,,,,,,,,,,,,,,,,,,,,,,,,,,1610612764,2015,2014-15,False
201196-202322-203490-2403-2446,1610612764,"Ramon Sessions, John Wall, Otto Porter Jr., Nene, Rasual Butler","Sessions, Wall, Porter Jr., Nene, Butler",201196-202322-203490-2403-2446,WAS,77.0,1,1.0,-1.0,2.0,3.0,,1.0,5.0,1.0,,1.0,,3.0,4.0,,,,1.0,1.0,,,,3.0,,,,0.75,,0.5,93.5064935064935,21.0,11.666666666666666,21.0,11.666666666666666,0.5,,0.5,0.443175,,,24.8,,,,,,,1.0,,,,,,,,,2.0,,,,0.75,,,,,,,,,,10.7,,,,,,,,,,,,,,1.0,,,,,,,,,,,,,1.0,,,,,,1.0,,,,,,,,1.0,,,3.0,,,,,,,,,,,1.0,,1.0,,,,,,,,,,,,0.5,,,,,,,,,,,,,,1.0,,3.0,1.0,,1.0,,,,1.0,,,,,1.0,1.0,,1.0,,,,,,,,,,,,,,,,,,1.0,,,,,,1.0,,,,,,,1.0,,,,,,,,,,,,,,,,,,,,,,,,,,,1610612764,2015,2014-15,False
201196-202322-2400-2403-2446,1610612764,"Ramon Sessions, John Wall, Drew Gooden, Nene, Rasual Butler","Sessions, Wall, Gooden, Nene, Butler",201196-202322-2400-2403-2446,WAS,214.0,1,4.0,-4.0,6.0,7.0,,,13.0,,,,,4.0,8.0,,,,,1.0,,,,4.0,,,,0.4,,,87.47663551401868,16.333333333333332,16.571428571428573,16.333333333333332,16.571428571428573,,,,0.38692000000000004,,,,,,,,,2.0,5.0,,,2.0,,,1.0,,,,,0.4,,0.4,,,,,,,,,,14.24,4.0,1.0,1.0,,2.0,2.0,,,,,,,,,0.2,,,1.0,1.0,,1.0,0.8,,,,,1.0,2.0,,,,,,,,,,2.0,,1.0,1.0,,,2.0,,1.0,,,,1.0,,,0.5,0.5,,,,,,,,1.0,,,,1.0,,,0.2,,,,0.5,0.6666666666666666,,,,,,,,,,,,,,,,,,,,,,,,,,,1.0,,,0.5,,,,,,,,,,,,,,,,,,,,,,,,,,,,,,,,,1.0,,,,,,0.25,,,,,,,,,,,,,,,1610612764,2015,2014-15,False
201196-202322-2403-2446-2743,1610612764,"Ramon Sessions, John Wall, Nene, Rasual Butler, Kris Humphries","Sessions, Wall, Nene, Butler, Humphries",201196-202322-2403-2446-2743,WAS,51.0,1,1.0,,2.0,2.0,,,4.0,1.0,,1.0,,,,,,,1.0,,,,,,,,,,,1.0,112.94117647058823,9.0,16.5,9.0,16.5,1.0,,1.0,0.5127,,,26.2,,,,,,,,,,,,,,,,,,,,,,,,,,,,,,,,,2.0,,2.0,2.0,,,,,,,,,,,,1.0,1.0,1.0,,,,,,,,,,,,,,,,,,,,,,,,,,,,,,,,,,,,,,,,,,,,,,,,,,,,,,,,,,,,,,,,,,,,,,,,,,,,,,,,,,,1.0,,,,,,,,,,,,,,,,,,,,,,,,,,,,,,,,,,,,,,,,,,,,,,,,,,,,,,,1610612764,2015,2014-15,False
201196-202338-203078-203490-2400,1610612764,"Ramon Sessions, Kevin Seraphin, Bradley Beal, Otto Porter Jr., Drew Gooden","Sessions, Seraphin, Beal, Porter Jr., Gooden",201196-202338-203078-203490-2400,WAS,868.0,5,14.0,12.0,26.0,24.0,,1.0,50.0,7.0,,7.0,5.0,38.0,26.0,,,,7.0,6.0,,5.0,,36.0,,,,0.7916666666666666,,0.30434782608695654,82.94930875576037,16.76923076923077,18.0,16.423076923076923,17.416666666666668,0.30434782608695654,,0.43478260869565216,0.4905086956521739,,,25.357142857142858,,3.0,3.0,,,12.0,16.0,,,10.0,2.0,1.0,4.0,,,4.0,,0.75,,0.717391304347826,,0.5,0.13043478260869565,1.0,1.0,,,0.16666666666666666,,10.84375,6.0,,4.0,,9.0,11.0,,,4.0,1.0,1.0,,1.0,,,,,0.8,0.75,,1.0,0.2608695652173913,0.23529411764705882,2.0,1.0,6.0,7.0,3.0,,,,,3.0,1.0,1.0,2.0,,14.0,6.0,7.0,8.0,2.0,3.0,17.0,1.0,5.0,2.0,3.0,1.0,2.0,1.0,1.0,0.5833333333333334,0.5833333333333334,0.42857142857142855,,0.42857142857142855,1.0,0.5,0.5,0.25,0.7142857142857143,0.25,,0.3333333333333333,0.6666666666666666,1.0,0.6666666666666666,0.30434782608695654,0.8571428571428571,0.8571428571428571,0.5,0.5,0.5,,,,0.5,,,0.6466,0.05263157894736842,3.0,,3.0,3.0,,1.0,,,,0.3333333333333333,,,,,0.42857142857142855,0.42857142857142855,,0.42857142857142855,2.0,3.0,1.0,0.6666666666666666,2.0,,,1.0,,,,,,,1.0,,1.0,1.0,1.0,,0.25,,,0.3333333333333333,0.5,,,,0.25,,,,,,1.0,,,,,1.0,,,,,,,,1.0,,,,,,,,,,1610612764,2015,2014-15,False
201196-202338-203078-203490-2403,1610612764,"Ramon Sessions, Kevin Seraphin, Bradley Beal, Otto Porter Jr., Nene","Sessions, Seraphin, Beal, Porter Jr., Nene",201196-202338-203078-203490-2403,WAS,108.0,1,2.0,3.0,5.0,4.0,,1.0,9.0,,,,,6.0,3.0,,,,,,,,,6.0,,,,0.75,,,120.0,12.6,11.25,12.6,11.25,,,,0.409325,,,,,,,,,3.0,4.0,,,4.0,,,1.0,,2.0,2.0,,0.75,,0.75,,,,,,,,,,7.15,,1.0,1.0,,1.0,1.0,,,,,,,,,0.25,,,1.0,1.0,,1.0,,,,,3.0,4.0,,,,,,,,,,,2.0,,1.0,1.0,,1.0,2.0,,,,1.0,,1.0,,,0.3333333333333333,0.3333333333333333,,,,,,,,,,,,,,,1.0,0.75,1.0,0.3333333333333333,,,,,,,,,,,,,,,,,,,,,,,,,,,,,,,,,1.0,,,,,,,,,,,,,,,,,,,,,,,,,0.25,,,,1.0,,,,,,,,,,,,,,,,,,,,,,,,1610612764,2015,2014-15,False
201196-202338-203078-203490-2446,1610612764,"Ramon Sessions, Kevin Seraphin, Bradley Beal, Otto Porter Jr., Rasual Butler","Sessions, Seraphin, Beal, Porter Jr., Butler",201196-202338-203078-203490-2446,WAS,1.0,1,,-2.0,,1.0,,1.0,1.0,,,,,,2.0,,,,,,,,,,,,,,,,1440.0,,1.0,,1.0,,,,,,,,,,,,,,,,,,,,,,,1.0,,,,,,,,,,,,,,,,,,,,,,,,,,,,,,,,,,,,,,,,,,,,,,,,,,,,,,,,,,,,,,,,,,,,,,,,,,,,,,,,,,,,,,,,,,,,,,,,,,,,,,,,,,,,,,,,,,,,,,,,,,,,,,,,,,,,,,,,,,,,,,,,,,,,,,,,,,,,,,,,,,,,,,,,,,,,1610612764,2015,2014-15,False
201196-202338-203078-203490-2743,1610612764,"Ramon Sessions, Kevin Seraphin, Bradley Beal, Otto Porter Jr., Kris Humphries","Sessions, Seraphin, Beal, Porter Jr., Humphries",201196-202338-203078-203490-2743,WAS,124.0,1,2.0,-2.0,3.0,4.0,1.0,,7.0,,,,,2.0,4.0,,,,,1.0,,,,2.0,,1.0,,0.5,,,81.29032258064515,17.666666666666668,17.75,17.666666666666668,17.75,,,0.5,0.6611,,,,0.3333333333333333,1.0,1.0,,,1.0,2.0,,,,,,1.0,1.0,,,,0.5,,0.5,,,0.5,1.0,1.0,,,,,9.05,1.0,,1.0,,1.0,1.0,,,,,,,,,,,,1.0,1.0,1.0,,0.5,,,,,,,,,,,,,,,,2.0,,1.0,1.0,1.0,,2.0,,,,1.0,,1.0,,,1.0,1.0,,,,,,,,,,,,,,1.0,,,,,,,,,,,,,,,,,,,,,,,,,,,,,,,,,,,,,1.0,,,,,,,,,,,,,,,,,,,,,,,,,,,,,,,,,,,,,,,,,,,,,,,,,,,,,1610612764,2015,2014-15,False
201196-202338-203078-2400-2446,1610612764,"Ramon Sessions, Kevin Seraphin, Bradley Beal, Drew Gooden, Rasual Butler","Sessions, Seraphin, Beal, Gooden, Butler",201196-202338-203078-2400-2446,WAS,1545.0,7,26.0,24.0,50.0,51.0,,,101.0,7.0,,9.0,9.0,59.0,35.0,,,,7.0,9.0,2.0,14.0,,59.0,,,,0.6145833333333334,,0.21951219512195122,94.13592233009709,14.28,16.294117647058822,14.24,15.705882352941176,0.17073170731707318,,0.43902439024390244,0.4853682926829268,,,25.366666666666667,,6.0,9.0,,,16.0,32.0,,,12.0,3.0,1.0,5.0,,4.0,6.0,,0.5,,0.6097560975609756,,0.6,0.21951219512195122,0.6666666666666666,0.75,,,0.14583333333333334,,9.778125,13.0,1.0,22.0,,29.0,31.0,,1.0,7.0,3.0,2.0,,3.0,,0.03125,0.1111111111111111,,0.8461538461538461,0.8285714285714286,0.6666666666666666,0.875,0.3170731707317073,0.1794871794871795,2.0,1.0,5.0,10.0,5.0,2.0,2.0,,,6.0,,1.0,,,20.0,3.0,10.0,15.0,4.0,3.0,35.0,2.0,7.0,2.0,1.0,1.0,2.0,2.0,1.0,0.625,0.625,0.6666666666666666,,0.6666666666666666,,,,0.125,0.7777777777777778,0.1111111111111111,0.3333333333333333,,0.875,,0.6666666666666666,0.24390243902439024,0.5,0.5,0.6,0.38461538461538464,0.38461538461538464,0.04878048780487805,1.0,1.0,1.0,,,0.4592,,4.0,,15.0,4.0,,5.0,2.0,,,0.8333333333333334,,,,1.0,0.5714285714285714,0.5714285714285714,,0.5714285714285714,3.0,,1.0,0.6,,3.0,1.0,,,1.0,,,,,,,,3.0,,,,0.2,,0.75,,,,,,,1.0,,,,,,,,,,,,,,,,,,,,,,,,,,,1610612764,2015,2014-15,False
201196-202338-203078-2403-2446,1610612764,"Ramon Sessions, Kevin Seraphin, Bradley Beal, Nene, Rasual Butler","Sessions, Seraphin, Beal, Nene, Butler",201196-202338-203078-2403-2446,WAS,395.0,1,7.0,-3.0,11.0,11.0,,,22.0,,,,,8.0,11.0,,,,,1.0,,,,8.0,,,,0.6666666666666666,,,80.20253164556962,15.0,20.90909090909091,15.0,19.818181818181817,,,0.3333333333333333,0.5399166666666667,,,,,2.0,2.0,,,4.0,6.0,,,6.0,4.0,2.0,5.0,,1.0,1.0,,0.6666666666666666,,0.6666666666666666,,0.8,0.3333333333333333,1.0,1.0,,,,,9.4,2.0,,5.0,,5.0,5.0,,,,2.0,1.0,1.0,2.0,,,,,1.0,0.8333333333333334,1.0,1.0,0.3333333333333333,,,,1.0,2.0,1.0,,,,,,,,,,2.0,,1.0,1.0,,,2.0,,,,1.0,1.0,1.0,2.0,,0.25,0.25,,,,,,,,,,,,,,,0.3333333333333333,0.5,0.5,,0.5,0.5,,,,,,,,,,,,,,,,,,,,,,,,,,,1.0,,1.0,1.0,,2.0,1.0,,,,,,,,,,,,,,,,,,,,,,,,,,,1.0,,,,,,,,,,,,,,,,,,,,,,,,1610612764,2015,2014-15,False
201196-202338-203078-2446-2743,1610612764,"Ramon Sessions, Kevin Seraphin, Bradley Beal, Rasual Butler, Kris Humphries","Sessions, Seraphin, Beal, Butler, Humphries",201196-202338-203078-2446-2743,WAS,1222.0,3,20.0,-15.0,41.0,42.0,,,83.0,3.0,,4.0,5.0,29.0,44.0,,,,3.0,6.0,,5.0,,29.0,,,,0.4264705882352941,,0.125,97.80687397708674,15.682926829268293,13.785714285714286,15.390243902439025,13.523809523809524,0.09375,,0.40625,0.4939921875,,,25.725,,4.0,9.0,,,9.0,28.0,,,6.0,3.0,,10.0,,6.0,12.0,,0.32142857142857145,,0.375,,0.3,0.28125,0.4444444444444444,0.6666666666666666,,,0.08823529411764706,,11.385714285714286,14.0,3.0,11.0,1.0,17.0,20.0,,,3.0,2.0,2.0,,2.0,,0.10714285714285714,0.3333333333333333,1.0,0.8461538461538461,0.8,0.8,0.8,0.4375,0.1,2.0,,1.0,5.0,4.0,1.0,1.0,,,2.0,,1.0,,,12.0,,6.0,8.0,2.0,1.0,18.0,3.0,5.0,3.0,4.0,,7.0,3.0,2.0,0.6666666666666666,0.6666666666666666,0.5,,0.5,,,,0.15789473684210525,0.7142857142857143,0.14285714285714285,0.4,,0.75,0.6666666666666666,0.5,0.15625,0.2,0.2,1.0,0.2857142857142857,0.2857142857142857,0.03125,1.0,1.0,,,,0.3586,,1.0,,6.0,1.0,,2.0,1.0,,2.0,1.0,,,,1.0,0.3333333333333333,0.3333333333333333,,0.3333333333333333,3.0,1.0,1.0,0.75,4.0,2.0,1.0,1.0,,,,,,,,,,1.0,,,,0.25,,1.0,,,,,,,1.0,,,3.0,,,,,,,,,,,,,,,,,,,1.0,,,,,1610612764,2015,2014-15,False
201196-202338-203490-2400-2446,1610612764,"Ramon Sessions, Kevin Seraphin, Otto Porter Jr., Drew Gooden, Rasual Butler","Sessions, Seraphin, Porter Jr., Gooden, Butler",201196-202338-203490-2400-2446,WAS,726.0,4,12.0,-4.0,22.0,21.0,6.0,10.0,43.0,5.0,2.0,7.0,4.0,19.0,23.0,3.0,2.0,4.0,4.0,6.0,,4.0,1.0,17.0,4.0,6.0,1.0,0.41304347826086957,0.3333333333333333,0.3333333333333333,85.2892561983471,16.363636363636363,17.428571428571427,15.772727272727273,14.80952380952381,0.23809523809523808,0.4,0.5238095238095238,0.48724749999999994,0.4490875,0.21052631578947367,29.571428571428573,0.2727272727272727,1.0,4.0,,,6.0,14.0,1.0,2.0,10.0,1.0,1.0,3.0,2.0,2.0,4.0,,0.42857142857142855,0.5,0.35714285714285715,0.2,0.3333333333333333,0.19047619047619047,0.25,0.25,,,0.045454545454545456,,11.0,8.0,,4.0,,6.0,9.0,,,1.0,2.0,2.0,,2.0,1.0,,,,0.8,0.6,0.5,1.0,0.38095238095238093,0.06666666666666667,2.0,1.0,1.0,2.0,4.0,1.0,2.0,,1.0,1.0,,1.0,2.0,,2.0,,1.0,2.0,,,5.0,1.0,2.0,3.0,2.0,,2.0,,,0.16666666666666666,0.16666666666666666,0.14285714285714285,,0.16666666666666666,,,0.3333333333333333,0.125,0.4,0.23076923076923078,,0.25,0.4,,,0.09523809523809523,0.5,0.5,,0.5,0.5,0.09523809523809523,0.5,0.5,0.5,0.2,,0.5361,0.10526315789473684,,,3.0,,,1.0,1.0,,,1.0,,,,1.0,,,,,1.0,,1.0,0.25,2.0,1.0,0.5,,1.0,,,,,,1.0,,1.0,,2.0,,0.4,,,,0.5,,,2.0,0.5,,1.0,2.0,1.0,,,,1.0,1.0,,,,,,,,,,,,,,,,,,,,1610612764,2015,2014-15,False
201196-202338-203490-2403-2446,1610612764,"Ramon Sessions, Kevin Seraphin, Otto Porter Jr., Nene, Rasual Butler","Sessions, Seraphin, Porter Jr., Nene, Butler",201196-202338-203490-2403-2446,WAS,,1,,,,,,,,,,,,,,,,,,,,,,,,,,,,,,,,,,,,,,,,,,,,,,,,,,,,,,,,,,,,,,,,,,,,,,,,,,,,1.0,,,,,,,,,,,,,,,,,,,,,,,,,,,,,,,,,,,,,,,,,1.0,,,,,,,,,,,,,,,,,,,,,,,,,,,,,,,,,,,,,,,,,,,,,,,,,,,,,,,,,,,,,,,,,,,,,,,,,,,,,,,,,,,,,,,,,,,,,,1.0,1.0,,,,,,,,,,,,,,,,1610612764,2015,2014-15,False
201196-202338-203490-2446-2743,1610612764,"Ramon Sessions, Kevin Seraphin, Otto Porter Jr., Rasual Butler, Kris Humphries","Sessions, Seraphin, Porter Jr., Butler, Humphries",201196-202338-203490-2446-2743,WAS,1134.0,5,19.0,-6.0,36.0,36.0,5.0,9.0,72.0,4.0,,6.0,4.0,26.0,32.0,,,2.0,4.0,7.0,,4.0,,19.0,2.0,5.0,,0.34210526315789475,0.25,0.16666666666666666,91.42857142857143,15.36111111111111,16.13888888888889,14.36111111111111,14.916666666666666,0.1111111111111111,,0.4444444444444444,0.49590972222222224,0.436,0.07692307692307693,25.099999999999998,0.1388888888888889,3.0,10.0,,1.0,8.0,30.0,1.0,4.0,6.0,5.0,4.0,6.0,1.0,2.0,8.0,,0.26666666666666666,0.25,0.3055555555555556,0.25,0.8333333333333334,0.2777777777777778,0.3,0.3333333333333333,0.25,,0.05263157894736842,,9.826666666666664,11.0,1.0,13.0,1.0,19.0,27.0,,1.0,2.0,1.0,1.0,,1.0,,0.03333333333333333,0.1,1.0,0.65,0.6923076923076923,0.5555555555555556,0.7142857142857143,0.3055555555555556,0.0625,5.0,4.0,2.0,9.0,3.0,1.0,2.0,,,2.0,2.0,6.0,7.0,,10.0,3.0,5.0,6.0,1.0,1.0,13.0,7.0,5.0,8.0,3.0,2.0,1.0,1.0,1.0,0.625,0.7142857142857143,0.3333333333333333,,0.3333333333333333,0.3333333333333333,0.4375,0.4375,0.3181818181818182,0.8333333333333334,0.32,0.5714285714285714,0.125,1.0,0.5,0.3333333333333333,0.25,0.2222222222222222,0.2222222222222222,0.5,0.2727272727272727,0.2727272727272727,0.05555555555555555,0.5,0.5,0.5,,,0.5564142857142856,0.2692307692307692,1.0,,3.0,1.0,,1.0,,2.0,,0.5,,,0.08333333333333333,,0.25,0.25,,0.25,3.0,,0.75,1.0,1.0,1.0,1.0,,,,,,,1.0,2.0,1.0,2.0,1.0,1.0,0.5,0.3333333333333333,0.2857142857142857,1.0,1.0,0.25,0.5,1.0,,,,1.0,1.0,,,1.0,2.0,,,,0.25,,,,,,,,,,,,,,,,,,1610612764,2015,2014-15,False
201196-203078-203490-2400-2403,1610612764,"Ramon Sessions, Bradley Beal, Otto Porter Jr., Drew Gooden, Nene","Sessions, Beal, Porter Jr., Gooden, Nene",201196-203078-203490-2400-2403,WAS,824.0,5,14.0,-7.0,22.0,23.0,2.0,,45.0,1.0,,1.0,2.0,21.0,28.0,,,2.0,1.0,7.0,,3.0,,13.0,2.0,2.0,,0.4375,0.5,0.043478260869565216,78.64077669902913,21.227272727272727,15.521739130434783,18.636363636363637,13.347826086956522,0.043478260869565216,,0.34782608695652173,0.4603978260869565,0.5244,0.09523809523809523,24.5,0.09090909090909091,4.0,7.0,1.0,1.0,8.0,22.0,1.0,2.0,8.0,1.0,1.0,4.0,1.0,1.0,4.0,,0.36363636363636365,0.5,0.41304347826086957,0.5,0.25,0.30434782608695654,0.5714285714285714,0.5714285714285714,0.5,1.0,0.08333333333333333,,9.863636363636363,10.0,,8.0,1.0,10.0,16.0,,1.0,2.0,3.0,2.0,1.0,3.0,,,,1.0,0.7272727272727273,0.6,0.4,1.0,0.43478260869565216,0.08695652173913043,5.0,2.0,1.0,5.0,3.0,,,,,1.0,2.0,4.0,8.0,,8.0,,4.0,5.0,2.0,,11.0,6.0,1.0,6.0,1.0,,3.0,,1.0,0.5,0.5714285714285714,1.0,,1.0,0.5,0.7,0.6666666666666666,0.42857142857142855,0.25,0.42857142857142855,0.3333333333333333,0.5714285714285714,0.3333333333333333,,0.5,0.21739130434782608,0.2,0.2,,0.3,0.3,,,,0.4,,,0.56321,0.38095238095238093,1.0,,3.0,1.0,,1.0,,,,1.0,,,,,1.0,1.0,,1.0,2.0,1.0,1.0,0.6666666666666666,1.0,2.0,0.6666666666666666,1.0,,,,,,1.0,1.0,1.0,1.0,1.0,,1.0,,0.25,,1.0,0.2,1.0,1.0,1.0,,,,,,,2.0,2.0,1.0,,,1.0,,,,,,,,0.5,,,,,,,,,,1610612764,2015,2014-15,False
201196-203078-203490-2403-2743,1610612764,"Ramon Sessions, Bradley Beal, Otto Porter Jr., Nene, Kris Humphries","Sessions, Beal, Porter Jr., Nene, Humphries",201196-203078-203490-2403-2743,WAS,171.0,1,3.0,-2.0,6.0,7.0,,,13.0,1.0,,1.0,2.0,6.0,8.0,,,,1.0,3.0,,3.0,,3.0,,,,0.5,,0.2,109.47368421052632,14.0,12.428571428571429,13.0,12.428571428571429,0.2,,0.2,0.41938000000000003,,,28.3,,,,,,2.0,4.0,,,4.0,,,1.0,,1.0,1.0,,0.5,,0.4,,,,,,,,0.3333333333333333,,11.775,2.0,,2.0,,3.0,4.0,,,2.0,,,,,,,,,1.0,1.0,1.0,,0.4,0.4,1.0,,2.0,2.0,,,,,,,1.0,1.0,3.0,,,,,,,,,,1.0,1.0,,,1.0,,,,,,,,1.0,1.0,1.5,,1.0,,,,1.0,,,0.4,1.0,1.0,,,,,,,,,,0.4092,0.5,,,,,,,,,,,,,,,,,,,,1.0,1.0,,,,,,,,,,,,,,,,,,,,,,,,,1.0,,,1.0,,,,,,1.0,,,,1.0,1.0,,,,,,,,,,,,,,,,1610612764,2015,2014-15,False
201196-203078-2400-2403-2446,1610612764,"Ramon Sessions, Bradley Beal, Drew Gooden, Nene, Rasual Butler","Sessions, Beal, Gooden, Nene, Butler",201196-203078-2400-2403-2446,WAS,88.0,2,1.0,3.0,4.0,2.0,,,6.0,1.0,,1.0,1.0,3.0,,,,,1.0,1.0,,2.0,,3.0,,,,0.5,,0.5,98.18181818181819,12.25,19.5,12.25,19.5,0.5,,1.0,0.57465,,,26.6,,1.0,1.0,,,1.0,1.0,,,2.0,,,1.0,,,,,1.0,,0.5,,,0.5,1.0,1.0,,,0.3333333333333333,,2.1,,,,,2.0,2.0,,,1.0,,,,,,,,,,1.0,,,,0.5,,,,,,,,,,,,,,,,,,,,,,,2.0,,,,1.0,,,,,,,,,,,,1.0,,,,1.0,,,,,,,,,,,,,,,,,,,,,,,,,,,,,,,,,,,,,,,,,,1.0,,,,,,,,,,,,,,,,,,,,,,,,,,,,,,,,,,,,,,,,,,,,,,,,,,1610612764,2015,2014-15,False
201196-203490-2400-2403-2446,1610612764,"Ramon Sessions, Otto Porter Jr., Drew Gooden, Nene, Rasual Butler","Sessions, Porter Jr., Gooden, Nene, Butler",201196-203490-2400-2403-2446,WAS,138.0,1,2.0,1.0,3.0,4.0,,,7.0,1.0,,2.0,,5.0,4.0,,,,1.0,,,,,5.0,,,,0.8333333333333334,,0.6666666666666666,73.04347826086958,20.0,19.5,20.0,19.5,0.3333333333333333,,0.6666666666666666,0.5006499999999999,,,25.2,,,,,,1.0,1.0,,,,,,,,,,,1.0,,0.8333333333333334,,,,,,,,,,17.0,1.0,,2.0,,2.0,2.0,,,,,,,,,,,,1.0,1.0,1.0,1.0,0.3333333333333333,,,,,,1.0,,1.0,,,1.0,,,,,2.0,,1.0,2.0,,,5.0,,,,,,,,,1.0,1.0,0.5,,0.5,,,,,,,,,,,,,,,,1.0,1.0,0.3333333333333333,,,,,,,,1.0,,3.0,1.0,,1.0,,,,1.0,,,,,1.0,1.0,,1.0,1.0,,,1.0,,,,,,,,,,,,,,1.0,,,,,,1.0,,,,,,,,,,,,,,,,,,,,,,,,,,,,,,,,,,1610612764,2015,2014-15,False
201196-203490-2403-2446-2743,1610612764,"Ramon Sessions, Otto Porter Jr., Nene, Rasual Butler, Kris Humphries","Sessions, Porter Jr., Nene, Butler, Humphries",201196-203490-2403-2446-2743,WAS,372.0,1,6.0,3.0,11.0,11.0,,,22.0,,,,3.0,13.0,10.0,,,,,5.0,,5.0,,13.0,,,,0.5,,,85.16129032258064,16.363636363636363,17.454545454545453,15.818181818181818,17.454545454545453,,,0.7272727272727273,0.6280727272727273,,,,,4.0,8.0,,,5.0,11.0,,,2.0,,,,,,3.0,,0.45454545454545453,,0.45454545454545453,,,0.7272727272727273,0.5,0.5,,,0.23076923076923078,,4.490909090909091,2.0,,2.0,,4.0,5.0,1.0,,3.0,,,,,,,,,1.0,1.0,,1.0,0.18181818181818182,0.23076923076923078,1.0,1.0,,1.0,1.0,,,,,,,1.0,,,8.0,,4.0,4.0,3.0,,8.0,1.0,2.0,1.0,1.0,,,,,0.8,0.8,,,,,,,0.16666666666666666,1.0,0.16666666666666666,,,1.0,,0.75,0.09090909090909091,,,,0.5,0.5,,,,1.0,,,0.7036,,,,,,,,,,,,,,,,,,,,1.0,1.0,,1.0,1.0,,,,,,,,,,,,,,,,,1.0,,,,,,,,,,,,,,,,,,,,,,,,,,,,,,,,,,,,1610612764,2015,2014-15,False
201971-202066-202322-202338-2446,1610612764,"DeJuan Blair, Garrett Temple, John Wall, Kevin Seraphin, Rasual Butler","Blair, Temple, Wall, Seraphin, Butler",201971-202066-202322-202338-2446,WAS,79.0,1,1.0,,3.0,2.0,3.0,2.0,5.0,,,,,,,,,,,,,,,,,3.0,,,,,91.13924050632912,18.666666666666668,11.5,18.333333333333332,11.5,,,1.0,0.5708333333333333,0.5708333333333333,,,1.0,,3.0,,3.0,,3.0,,3.0,,,,1.0,1.0,,1.0,,,,,,,1.0,,,1.0,,,,1.7,,1.0,1.0,,2.0,3.0,,,,,,,1.0,,0.3333333333333333,0.3333333333333333,,1.0,1.0,,,,,1.0,1.0,,,,,,,,,,1.0,,,,,,,,,,1.0,1.0,1.0,,,1.0,,1.0,,,,,,,,,0.3333333333333333,1.0,0.3333333333333333,0.3333333333333333,,,1.0,,,,,,,,,,,1.0,,,0.5063,,,,,,,,,,,,,,,,,,,,,,1.0,,,1.0,1.0,,,,1.0,1.0,,,,,,,,,,,,,,,,,,,,,,,,,,,,,,,,,,,,,,,,,,,,,,1610612764,2015,2014-15,False
201971-202066-202322-203490-2403,1610612764,"DeJuan Blair, Garrett Temple, John Wall, Otto Porter Jr., Nene","Blair, Temple, Wall, Porter Jr., Nene",201971-202066-202322-203490-2403,WAS,154.0,1,3.0,-2.0,5.0,5.0,,,10.0,,,,1.0,5.0,7.0,,,,,3.0,,2.0,,5.0,,,,0.625,,,93.5064935064935,18.4,12.4,18.4,12.4,,,0.3333333333333333,0.5396333333333333,,,,,1.0,1.0,,,2.0,3.0,,,,,,1.0,,1.0,1.0,,0.6666666666666666,,0.6666666666666666,,,0.3333333333333333,1.0,1.0,,,0.25,,9.733333333333333,1.0,,1.0,,1.0,1.0,,,1.0,,,,,,,,,0.5,0.5,,0.5,0.3333333333333333,0.25,,,,1.0,1.0,,,,,,,,,,4.0,,2.0,2.0,1.0,,4.0,,,,,,1.0,,,1.0,1.0,,,,,,,,,,,,,,1.0,0.3333333333333333,,,,1.0,1.0,,,,,,,,,,,,,,,,,,,,,,,,,,,1.0,,,1.0,,,,1.0,,,,,,,,,,,,,,,,,,,,,,,1.0,,,,,,,,,,,,,,,,,,,,,,,,,,,1610612764,2015,2014-15,False
201971-202066-203490-2446-2743,1610612764,"DeJuan Blair, Garrett Temple, Otto Porter Jr., Rasual Butler, Kris Humphries","Blair, Temple, Porter Jr., Butler, Humphries",201971-202066-203490-2446-2743,WAS,259.0,2,4.0,-6.0,7.0,7.0,2.0,3.0,14.0,1.0,1.0,1.0,,5.0,11.0,1.0,,3.0,1.0,1.0,,,,2.0,3.0,2.0,,0.3125,0.75,0.125,77.83783783783784,20.428571428571427,16.571428571428573,15.714285714285714,14.714285714285714,0.125,0.5,0.25,0.41825625,0.490075,0.6,25.6,0.2857142857142857,,1.0,,1.0,1.0,7.0,,1.0,,,,,,2.0,2.0,,0.14285714285714285,,0.3125,0.75,,0.125,,,0.5,,,,11.028571428571428,3.0,2.0,,,1.0,2.0,,,,,,,,,0.2857142857142857,1.0,,,0.2,,,0.375,,2.0,,,3.0,1.0,,,,,1.0,,1.0,3.0,1.0,2.0,3.0,1.0,1.0,,,2.0,1.0,1.0,1.0,,,,,,1.0,1.0,1.0,1.0,1.0,,0.75,0.75,0.16666666666666666,0.25,0.16666666666666666,,,0.25,,,0.375,,,,0.3333333333333333,0.3333333333333333,,,,,,,0.464225,0.6,1.0,1.0,,1.0,,,,,,,,,,,1.0,1.0,1.0,1.0,1.0,,,1.0,,,,,,,,,,1.0,1.0,1.0,1.0,,,1.0,,0.3333333333333333,,,0.5,1.0,,,,0.3333333333333333,1.0,,,,,,,,,,,,,,,,,,,,,,,,,,,1610612764,2015,2014-15,False
201971-202322-203078-203490-2400,1610612764,"DeJuan Blair, John Wall, Bradley Beal, Otto Porter Jr., Drew Gooden","Blair, Wall, Beal, Porter Jr., Gooden",201971-202322-203078-203490-2400,WAS,57.0,1,1.0,-1.0,2.0,3.0,1.0,3.0,5.0,,,,3.0,3.0,4.0,,2.0,2.0,,2.0,1.0,4.0,,3.0,2.0,1.0,,0.75,1.0,,126.31578947368422,11.0,11.666666666666666,11.0,7.666666666666667,,,,,,0.6666666666666666,,0.5,,,,,,,,,,,,,,1.0,1.0,,,,,,,,,,,,1.0,,,,,,,,,,,2.0,1.0,1.0,,1.0,,,,,,,,,,1.0,,,,,,,,,,,,,,,,,,,,,,,,,,,,,,,,,,,,,,,,,,,,,,,,,,,,,,,,,,,,,,,,,,,,,,,,,,,,,,,,,,,,,,,,,,,,,,,,,,,,,,,,,,,,,,,,,,,,,,,,,,,,,,,,,,,,,,,1610612764,2015,2014-15,False
201971-202322-203078-2400-2446,1610612764,"DeJuan Blair, John Wall, Bradley Beal, Drew Gooden, Rasual Butler","Blair, Wall, Beal, Gooden, Butler",201971-202322-203078-2400-2446,WAS,29.0,1,,,2.0,2.0,,2.0,4.0,,,,2.0,2.0,2.0,,,,,1.0,,2.0,,2.0,,,,1.0,,,198.6206896551724,9.5,5.0,9.5,5.0,,,,,,,,,,,,,,,,,,,,1.0,,,2.0,,,,,,,,,,,,1.0,,,,,,1.0,1.0,1.0,,,1.0,,,,,1.0,,,1.0,,,,,,1.0,,,,,,,,,,,,,,,,,,,,,,,,,,,1.0,,1.0,,,,,,,,,,,,,,,,,,,,,,,,,,,,,,,,,,,,,,,,,,,,,,,,,,,,,,,,,,,,,,,,,,,,,,,,,,,,,,,,,,,,,,,,,,,,,,,,,,,,,,,,,,1610612764,2015,2014-15,False
201971-202322-203490-2403-2446,1610612764,"DeJuan Blair, John Wall, Otto Porter Jr., Nene, Rasual Butler","Blair, Wall, Porter Jr., Nene, Butler",201971-202322-203490-2403-2446,WAS,266.0,1,4.0,-1.0,8.0,9.0,,2.0,17.0,2.0,,2.0,,7.0,8.0,,,,2.0,2.0,,,,5.0,,,,0.5833333333333334,,0.3333333333333333,92.03007518796991,18.0,13.555555555555555,17.0,12.222222222222221,0.3333333333333333,,0.5,0.4400833333333333,,,25.0,,1.0,1.0,,,2.0,4.0,,,2.0,3.0,3.0,3.0,,1.0,3.0,,0.5,,0.5833333333333334,,1.0,0.16666666666666666,1.0,1.0,,,,,8.475,1.0,1.0,,,1.0,2.0,,1.0,,,,,,,0.25,,,,0.5,,,0.16666666666666666,,1.0,,,2.0,1.0,,,,,1.0,1.0,1.0,2.0,,2.0,,1.0,2.0,,,5.0,1.0,1.0,1.0,,,,,,0.5,0.5,0.5,,0.5,1.0,1.0,1.0,0.5,1.0,0.3333333333333333,,,1.0,,,0.3333333333333333,,,,1.0,1.0,,,,,,,0.4096,0.2857142857142857,1.0,,3.0,1.0,,1.0,,,,1.0,,,,,0.5,0.5,,0.5,1.0,,,1.0,,,,,,,,,,,,,,1.0,,,,0.5,,1.0,,,,,,0.5,,1.0,,,,,,1.0,,,,,,,,,,,,,,,,,,,,1610612764,2015,2014-15,False
201971-202322-203490-2446-2743,1610612764,"DeJuan Blair, John Wall, Otto Porter Jr., Rasual Butler, Kris Humphries","Blair, Wall, Porter Jr., Butler, Humphries",201971-202322-203490-2446-2743,WAS,315.0,1,5.0,10.0,11.0,11.0,1.0,,22.0,,,1.0,,15.0,5.0,,,2.0,,1.0,,,,9.0,2.0,1.0,,0.5769230769230769,1.0,0.07692307692307693,100.57142857142857,11.090909090909092,17.545454545454547,10.181818181818182,17.181818181818183,,,0.7692307692307693,0.5450115384615384,0.4741,0.13333333333333333,23.6,0.09090909090909091,5.0,9.0,1.0,1.0,6.0,12.0,1.0,1.0,10.0,,,2.0,,1.0,1.0,,0.5,1.0,0.5769230769230769,1.0,,0.6923076923076923,0.5555555555555556,0.7142857142857143,1.0,1.0,,,5.4750000000000005,3.0,2.0,1.0,,6.0,10.0,,,,,,,,,0.16666666666666666,0.2222222222222222,,1.0,0.8571428571428571,,1.0,0.23076923076923078,,3.0,4.0,,,1.0,1.0,1.0,,,1.0,3.0,4.0,6.0,,2.0,,1.0,2.0,1.0,,5.0,4.0,5.0,4.0,,,2.0,,,0.16666666666666666,0.3333333333333333,1.0,,1.0,0.75,0.75,0.75,0.6666666666666666,0.8333333333333334,0.6666666666666666,0.75,0.5,0.8,1.0,0.2,,,,,0.3333333333333333,0.3333333333333333,0.07692307692307693,1.0,1.0,1.0,,,0.63415,0.4,,,3.0,,,1.0,1.0,1.0,,1.0,,,0.25,1.0,,,,,,,,,,,,,,,,,,,,,,,,,,,,,,,,,,,,,,1.0,3.0,6.0,,1.0,,0.75,,,,,,,,,,,,,,,,,,1610612764,2015,2014-15,False
202066-202322-202338-203078-2403,1610612764,"Garrett Temple, John Wall, Kevin Seraphin, Bradley Beal, Nene","Temple, Wall, Seraphin, Beal, Nene",202066-202322-202338-203078-2403,WAS,4.0,1,,,,1.0,,1.0,1.0,,,,,,,,,,,,,,,,,,,,,,360.0,,4.0,,4.0,,,,,,,,,,,,,,,,,,,,,,,,,,,,,,,,,,,,,,,,,,,,,,,,,,,,,,,,,,,,,,,,,,,,,,,,,,,,,,,,,,,,,,,,,,,,,,,,,,,,,,,,,,,,,,,,,,,,,,,,,,,,,,,,,,,,,,,,,,,,,,,,,,,,,,,,,,,,,,,,,,,,,,,,,,,,,,,,,,,,,,,,,,,,,,,,,,,1610612764,2015,2014-15,False
202066-202322-202338-203078-2743,1610612764,"Garrett Temple, John Wall, Kevin Seraphin, Bradley Beal, Kris Humphries","Temple, Wall, Seraphin, Beal, Humphries",202066-202322-202338-203078-2743,WAS,93.0,1,2.0,2.0,3.0,3.0,,3.0,6.0,,,,,2.0,,,,,,2.0,,,,2.0,,,,0.25,,,92.90322580645162,12.666666666666666,18.333333333333332,9.0,17.0,,,0.25,0.449425,,,,,,1.0,,,1.0,4.0,,,2.0,,,,,,,,0.25,,0.25,,,0.25,,,,,,,13.85,3.0,,2.0,,2.0,3.0,,,,,,,,,,,,1.0,0.6666666666666666,1.0,,0.75,,1.0,,,,1.0,,,,,,,1.0,,,,,,,,,,1.0,,1.0,,,,,,,,,,,,,,0.3333333333333333,,0.3333333333333333,,0.5,,,,,,,,0.3333333333333333,0.3333333333333333,,,,,,,0.4071,,,,,,,,,,,,,,,,,,,,,,1.0,,,,,,,,,,,,,,,,,,,,,,,,,,,,1.0,1.0,,,,,,,,,,,,,,,,,,,,,,,,,,1610612764,2015,2014-15,False
202066-202322-202338-203490-2400,1610612764,"Garrett Temple, John Wall, Kevin Seraphin, Otto Porter Jr., Drew Gooden","Temple, Wall, Seraphin, Porter Jr., Gooden",202066-202322-202338-203490-2400,WAS,231.0,4,4.0,-2.0,7.0,8.0,1.0,7.0,15.0,,,1.0,,6.0,8.0,,,2.0,,,,,,4.0,2.0,1.0,,0.42857142857142855,1.0,0.14285714285714285,93.5064935064935,15.714285714285714,15.125,15.714285714285714,11.25,,,0.42857142857142855,0.50425,0.3883,0.3333333333333333,23.6,0.14285714285714285,1.0,2.0,,,3.0,6.0,1.0,1.0,2.0,,,1.0,,2.0,4.0,,0.5,1.0,0.42857142857142855,1.0,,0.2857142857142857,0.5,0.5,,,,,13.083333333333334,4.0,,2.0,,3.0,4.0,,1.0,,,,,,1.0,,,,0.6666666666666666,0.6,,0.5,0.5714285714285714,,1.0,1.0,,,2.0,,1.0,,,,1.0,1.0,2.0,,4.0,,2.0,2.0,,,4.0,,1.0,1.0,,,1.0,,,0.6666666666666666,1.0,,,,1.0,1.0,1.0,,0.5,0.25,,,0.5,,,,,,,0.5,0.5,0.14285714285714285,,,1.0,,,,0.3333333333333333,,,,,,,,,,,,,,,,,,,2.0,,1.0,1.0,,,,,,,,,,,,,,,1.0,,1.0,,1.0,,,,,,,,,,,1.0,1.0,2.0,,,,1.0,,,,,,,,,,,,,,,,,,1610612764,2015,2014-15,False
202066-202322-202338-203490-2446,1610612764,"Garrett Temple, John Wall, Kevin Seraphin, Otto Porter Jr., Rasual Butler","Temple, Wall, Seraphin, Porter Jr., Butler",202066-202322-202338-203490-2446,WAS,31.0,1,1.0,,1.0,1.0,1.0,,2.0,,,,,,,,,,,,,,,,,1.0,,,,,92.9032258064516,15.0,16.0,15.0,16.0,,,,0.2552,0.2552,,,1.0,,,,,,1.0,,1.0,,,,,,,,,,,,,,,,,,,,,12.6,,,,,,,,,,,,,,,,,,,,,,,,,,,1.0,,,,,,,,,,,,,,,,,,,,,1.0,,,,,,,,,,,,,,,,,,,,,1.0,,,,,,,,,,,,,,,,,,,,,,,,,,,,,,,,,,,,1.0,,,,,,,,,,,,,,,,,,,,,,,,,,,,,,,,,,,,,,,,,,,,,,,,,,,,,1610612764,2015,2014-15,False
202066-202322-202338-203490-2743,1610612764,"Garrett Temple, John Wall, Kevin Seraphin, Otto Porter Jr., Kris Humphries","Temple, Wall, Seraphin, Porter Jr., Humphries",202066-202322-202338-203490-2743,WAS,879.0,8,15.0,4.0,31.0,31.0,10.0,20.0,62.0,2.0,,5.0,3.0,30.0,26.0,1.0,,11.0,2.0,4.0,1.0,5.0,,28.0,11.0,10.0,,0.46875,0.6111111111111112,0.16666666666666666,101.56996587030716,13.838709677419354,14.516129032258064,13.64516129032258,14.451612903225806,0.06666666666666667,,0.3333333333333333,0.46388833333333335,0.4562611111111111,0.36666666666666664,24.240000000000002,0.3225806451612903,4.0,5.0,1.0,1.0,12.0,25.0,4.0,8.0,14.0,,,2.0,1.0,4.0,9.0,1.0,0.48,0.5,0.45,0.6111111111111112,,0.16666666666666666,0.8,1.0,0.1111111111111111,1.0,0.0625,0.16666666666666666,11.444,13.0,2.0,8.0,1.0,11.0,13.0,,,1.0,3.0,3.0,,3.0,2.0,0.08,0.2,1.0,0.7272727272727273,0.7692307692307693,0.6,1.0,0.43333333333333335,0.038461538461538464,2.0,1.0,3.0,7.0,5.0,1.0,3.0,1.0,1.0,1.0,1.0,1.0,2.0,1.0,10.0,,5.0,6.0,2.0,1.0,13.0,2.0,2.0,2.0,2.0,1.0,2.0,,1.0,0.4166666666666667,0.45454545454545453,0.2,1.0,0.2,1.0,0.5,0.5,0.15384615384615385,1.0,0.11764705882352941,,,1.0,1.0,0.5,0.23333333333333334,0.42857142857142855,0.5,0.3333333333333333,0.38461538461538464,0.38461538461538464,0.1,0.3333333333333333,0.3333333333333333,0.5,0.1111111111111111,1.0,0.539125,0.06666666666666667,,,3.0,,,1.0,1.0,,,1.0,,,,1.0,,,,,2.0,,0.75,0.4,1.0,2.0,0.6666666666666666,,,,,,,,,,1.0,,,,,0.5,,,,,,,,0.14285714285714285,1.0,,,1.0,1.0,2.0,,,,1.0,,,,,1.0,0.5,,,,,,,,,,,,1610612764,2015,2014-15,False
202066-202322-202338-2400-2446,1610612764,"Garrett Temple, John Wall, Kevin Seraphin, Drew Gooden, Rasual Butler","Temple, Wall, Seraphin, Gooden, Butler",202066-202322-202338-2400-2446,WAS,117.0,2,2.0,-4.0,5.0,5.0,3.0,1.0,10.0,1.0,1.0,1.0,,2.0,6.0,1.0,,,1.0,,,,,2.0,,3.0,,0.3333333333333333,,0.3333333333333333,123.07692307692308,9.8,13.6,9.8,13.6,0.3333333333333333,1.0,0.3333333333333333,0.39758333333333334,0.50595,,25.9,0.6,,,,,1.0,2.0,,,,2.0,1.0,2.0,2.0,2.0,2.0,,0.5,,0.3333333333333333,,1.0,,,,,,,,21.0,2.0,,2.0,,2.0,2.0,,,,,,,,,,,,1.0,1.0,,,0.6666666666666666,,,,,,1.0,,,,,,,,,,2.0,,1.0,1.0,,,2.0,,,,,,,1.0,,1.0,1.0,,,,,,,,,,,,,,,,,,,0.5,0.5,,,,,,,,,,,,,,,,,,,,,,,,,,,1.0,,1.0,1.0,,,,,,,,,,,,,,,,,,,,,,,,,,,,,,,,,,,,,,,,,,,,,,,,,,,,,,1610612764,2015,2014-15,False
202066-202322-202338-2403-2446,1610612764,"Garrett Temple, John Wall, Kevin Seraphin, Nene, Rasual Butler","Temple, Wall, Seraphin, Nene, Butler",202066-202322-202338-2403-2446,WAS,111.0,3,2.0,-1.0,4.0,3.0,1.0,1.0,7.0,,,2.0,1.0,1.0,2.0,,1.0,1.0,,1.0,,2.0,,,1.0,1.0,,0.125,0.5,0.6666666666666666,90.8108108108108,17.5,13.666666666666666,13.5,13.666666666666666,,,0.6666666666666666,0.5361666666666667,,1.0,23.45,0.25,,,,,,1.0,,,,1.0,1.0,1.0,,,,,,,,,1.0,,,,,,0.25,,7.9,,,1.0,,1.0,3.0,,,1.0,,,,,,,,,0.5,0.5,,1.0,,0.5,2.0,,,1.0,,,2.0,,,,,,1.0,,,,,,,,,,,2.0,,,,,,,,,,,,,0.25,,,0.3333333333333333,,,,,,0.3333333333333333,,,,,,0.6666666666666666,,,,,,,1.0,,,,,,,,,,,,,,,,,,,,,,,,,,,,,,,,,,,1.0,,1.0,,0.5,,0.5,,,,,1.0,,,,,,,,,,,,,1.0,1.0,,,1.0,1.0,,,,,,,,,,,,1610612764,2015,2014-15,False
202066-202322-202338-2446-2743,1610612764,"Garrett Temple, John Wall, Kevin Seraphin, Rasual Butler, Kris Humphries","Temple, Wall, Seraphin, Butler, Humphries",202066-202322-202338-2446-2743,WAS,18.0,1,,,1.0,1.0,,1.0,2.0,,,,,,,,,,,,,,,,,,,,,,160.0,,18.0,,4.0,,,,,,,,,,,,,,,,,,,,1.0,,,,,,,,,,,,,,,,,,,,,,,,,,,,,,,,,,,,,,,,,,,,,,,,,,,,,,,,,,,,,,,,,,,1.0,,,,,,,,,,,,,,,,,,,,,,,,,,,,,,,,,,,,,,,,,,,,,,,,,,,,,,,,,,,,,,,,,,,,,,,,,,,,,,,,,,,,1.0,,,,,,,,,,,,,,,,,,,,,,,,1610612764,2015,2014-15,False
202066-202322-203078-203490-2403,1610612764,"Garrett Temple, John Wall, Bradley Beal, Otto Porter Jr., Nene","Temple, Wall, Beal, Porter Jr., Nene",202066-202322-203078-203490-2403,WAS,8.0,2,,-2.0,1.0,2.0,1.0,2.0,3.0,,,,,,2.0,,,,,1.0,,2.0,1.0,,,,,,,,540.0,2.0,3.0,2.0,3.0,,,,,,,,1.0,,,,,,,,,,,,,,,1.0,,,,,,,,,,,,,,,,,,,1.0,1.0,,,,,,,,,,,,,1.0,,,,,,,,,,,,,,,,,,,,,,,,,,,1.0,,,,,,,,,,,,,,,,1.0,,,,,1.0,,,,,,,,,,,,,,,,,,,,,,,,,,,,,,,,,,,,,,,,,,,,,,,,,,,,,,,,,,,,,,,,,,,,,,,,,,,,,,,,,,,,,,,,,,,1610612764,2015,2014-15,False
202066-202322-203078-203490-2743,1610612764,"Garrett Temple, John Wall, Bradley Beal, Otto Porter Jr., Kris Humphries","Temple, Wall, Beal, Porter Jr., Humphries",202066-202322-203078-203490-2743,WAS,2.0,1,,,1.0,,1.0,,1.0,,,,,,,,,,,,,,,,,1.0,,,,,720.0,2.0,,2.0,,,,,,,,,1.0,,,,,,,,,,,,,,,,,,,,,,,,,,,,,,,,,,,,,,,,,,,,,,,,,,,,,,,,,,,,,,,,,,,,,,,,,,,,,,,,,,,,,,,,,,,,,,,,,,,,,,,,,,,,,,,,,,,,,,,,,,,,,,,,,,,,,,,,,,,,,,,,,,,,,,,,,,,,,,,,,,,,,,,,,,,,,,,,,,,,,,,,,,,1610612764,2015,2014-15,False
202066-202322-203078-2403-2743,1610612764,"Garrett Temple, John Wall, Bradley Beal, Nene, Kris Humphries","Temple, Wall, Beal, Nene, Humphries",202066-202322-203078-2403-2743,WAS,157.0,1,3.0,,4.0,4.0,,,8.0,1.0,,1.0,4.0,4.0,4.0,,,,1.0,2.0,,4.0,,2.0,,,,0.4,,0.3333333333333333,73.37579617834395,21.75,17.5,19.75,17.25,0.3333333333333333,,0.3333333333333333,0.39809999999999995,,,27.4,,,,,,,2.0,,,,,,,,,1.0,,,,,,,,,,,,0.4,,9.1,,,1.0,1.0,2.0,3.0,,,2.0,,,,,,,,1.0,1.0,1.0,,,,0.5,1.0,,,2.0,,,,,,,,,2.0,,,,,,,,,,,1.0,,,,,,,,,,,,,1.0,,,0.3333333333333333,,,,,,0.6666666666666666,,,,,,,,,,,,,0.5,,,,,,,,,,,,,,,,,,,,,1.0,,,,,,,,,,,,,,,,1.0,,1.0,,,,,,,2.0,1.0,,,,,,,,,,,,,,,,,,,,,,,,,,,,,1610612764,2015,2014-15,False
202066-202322-203078-2446-2743,1610612764,"Garrett Temple, John Wall, Bradley Beal, Rasual Butler, Kris Humphries","Temple, Wall, Beal, Butler, Humphries",202066-202322-203078-2446-2743,WAS,3.0,1,,,,,,,,,,,,,,,,,,,,,,,,,,,,,,,,,,,,,,,,,,,,,,,,,,,,,,,,1.0,,,,,,,,,,,,,,,,,,,,,,,,,,,,,,,,,,,,,,,,,,,,,,,,,,,,,,,,,,,,,,,,,,,,,,,,,,,,,,,,,,,,,,,,,,,,,,,,,,,,,,,,,,,,,,,,,,,,,,,,,,,,,,,,,,,,,,,,,,,,,,,,,,,,,,,,,,,,,,,,,,,,,,,,,,,,1610612764,2015,2014-15,False
202066-202322-203490-2403-2446,1610612764,"Garrett Temple, John Wall, Otto Porter Jr., Nene, Rasual Butler","Temple, Wall, Porter Jr., Nene, Butler",202066-202322-203490-2403-2446,WAS,15.0,2,,-2.0,2.0,2.0,1.0,2.0,4.0,,,,,,2.0,,,,,,,,,,,1.0,,,,,384.0,3.5,4.0,3.5,3.0,,,,,,,,0.5,,,,,,,,,,,,,,,1.0,,,,,,,,,,,,,,,,,,,,,,,,,,,,,,,,,,,,,,,,,,,,,,,,,,,,,,,,,,,,,,1.0,,,,,,,,,,,,,,,,,,,,,,,,,,,,,,,,,,,,,,,,,,,,,,,,,,,,,,,,,1.0,,,,,,,,,,,,,,,,,,,,,,,,,,,,,,,,,,,,,,,,,,,,,,,,,,,,,1610612764,2015,2014-15,False
202066-202322-203490-2403-2743,1610612764,"Garrett Temple, John Wall, Otto Porter Jr., Nene, Kris Humphries","Temple, Wall, Porter Jr., Nene, Humphries",202066-202322-203490-2403-2743,WAS,296.0,2,5.0,9.0,9.0,9.0,2.0,3.0,18.0,2.0,,3.0,7.0,15.0,6.0,,2.0,2.0,2.0,6.0,,7.0,1.0,11.0,2.0,2.0,,0.6818181818181818,0.5,0.375,87.56756756756756,14.11111111111111,18.77777777777778,11.333333333333334,16.333333333333332,0.25,,0.5,0.43745,0.3391,0.13333333333333333,24.733333333333334,0.2222222222222222,1.0,1.0,,,4.0,5.0,,1.0,2.0,,,2.0,,2.0,2.0,,0.8,,0.5,,,0.125,1.0,1.0,,,0.3,,8.459999999999999,1.0,,2.0,,4.0,7.0,1.0,,3.0,,,,,,,,,0.6666666666666666,0.8,1.0,0.5,0.125,0.42857142857142855,3.0,,2.0,3.0,1.0,,1.0,,,,1.0,1.0,4.0,,6.0,,3.0,3.0,1.0,1.0,6.0,,2.0,3.0,1.0,1.0,2.0,,,0.75,0.75,,,,1.0,1.0,1.0,,1.0,0.75,,,1.0,1.0,1.0,0.375,0.6666666666666666,0.6666666666666666,0.5,1.0,1.0,0.125,,,,,,0.342,0.26666666666666666,,,,,,,,,1.0,,,,,,,,,,1.0,1.0,,1.0,,,,,,,,,,,,,,,3.0,,1.0,,1.0,,,,,2.0,1.0,,,,,1.0,,,1.0,,,,,,,,,,,,,,,,,,,,,1610612764,2015,2014-15,False
202066-202322-2400-2403-2446,1610612764,"Garrett Temple, John Wall, Drew Gooden, Nene, Rasual Butler","Temple, Wall, Gooden, Nene, Butler",202066-202322-2400-2403-2446,WAS,80.0,2,1.0,-6.0,3.0,3.0,,,6.0,1.0,,1.0,,2.0,8.0,,,,1.0,,,,,2.0,,,,0.3333333333333333,,0.3333333333333333,108.0,17.333333333333332,9.333333333333334,17.333333333333332,9.333333333333334,0.3333333333333333,,0.6666666666666666,0.5196,,,26.0,,,1.0,,,1.0,2.0,,,,,,,,,,,0.5,,0.3333333333333333,,,0.3333333333333333,,,,,,,9.25,1.0,,,,,,,,,,,,,,,,,,,,,0.3333333333333333,,,,,,1.0,,,,,,,,,,2.0,,1.0,1.0,,,2.0,,,,,,,,,1.0,1.0,,,,,,,,,,,,,,,,,,,1.0,1.0,,,,,,,,,,,,,,,,,,,,,,,,,,,1.0,,,1.0,,,,,,,,,,,,,,,,,,,,,,,,,,,,,,,,,,,,,,,,,,,,,,,,,,,,,,1610612764,2015,2014-15,False
202066-202322-2403-2446-2743,1610612764,"Garrett Temple, John Wall, Nene, Rasual Butler, Kris Humphries","Temple, Wall, Nene, Butler, Humphries",202066-202322-2403-2446-2743,WAS,16.0,1,,,1.0,1.0,1.0,1.0,2.0,,,,,,,,,,,,,,,,,1.0,,,,,180.0,4.0,12.0,4.0,12.0,,,,,,,,1.0,,,,,,,,,,,,1.0,1.0,,,,,,,,,,,,,,,,,,,1.0,,1.0,1.0,,,,1.0,1.0,,1.0,,,,,1.0,1.0,1.0,,,,,,,,,,,,,,,,,,,,,,,,,,,,,,1.0,,,,,,,,,,,,,,,,,,,,,,,,,,,,,,,,,,,,,,,,,,,,,,,,,,,,,,,,1.0,1.0,,,,,,,,,,,,,,,,,,,,,,,,,,,,,,1.0,,,,,,,,,,,,,,,,,,,,,1610612764,2015,2014-15,False
202066-202338-203078-203490-2743,1610612764,"Garrett Temple, Kevin Seraphin, Bradley Beal, Otto Porter Jr., Kris Humphries","Temple, Seraphin, Beal, Porter Jr., Humphries",202066-202338-203078-203490-2743,WAS,1078.0,3,18.0,3.0,33.0,33.0,10.0,8.0,66.0,3.0,2.0,3.0,10.0,38.0,35.0,2.0,2.0,11.0,3.0,12.0,,13.0,1.0,32.0,11.0,10.0,1.0,0.5135135135135135,0.55,0.0967741935483871,88.16326530612245,15.787878787878787,16.87878787878788,15.333333333333334,16.757575757575758,0.0967741935483871,0.2222222222222222,0.45161290322580644,0.5030387096774194,0.6071555555555556,0.2894736842105263,25.766666666666666,0.30303030303030304,6.0,11.0,3.0,6.0,11.0,28.0,3.0,7.0,18.0,1.0,1.0,3.0,2.0,2.0,6.0,,0.39285714285714285,0.42857142857142855,0.45161290322580644,0.5,0.3333333333333333,0.3548387096774194,0.5454545454545454,0.5454545454545454,0.6666666666666666,0.5,0.16666666666666666,,9.114285714285714,10.0,,5.0,,10.0,16.0,,1.0,6.0,,,,,,,,,0.8333333333333334,0.9090909090909091,1.0,1.0,0.3225806451612903,0.18181818181818182,6.0,4.0,3.0,7.0,2.0,,,,,2.0,3.0,6.0,6.0,1.0,4.0,,2.0,4.0,1.0,,10.0,6.0,5.0,6.0,3.0,2.0,2.0,,2.0,0.18181818181818182,0.2222222222222222,0.6666666666666666,0.5,0.6666666666666666,0.5,0.5,0.5,0.35294117647058826,1.0,0.3333333333333333,0.4,0.375,1.0,1.0,0.16666666666666666,0.22580645161290322,0.42857142857142855,0.42857142857142855,,0.2,0.2,,,,0.6666666666666666,,,0.52105,0.15789473684210525,2.0,1.0,6.0,2.0,,2.0,,,,1.0,,,,,0.6666666666666666,0.6666666666666666,0.5,0.6666666666666666,1.0,1.0,,0.5,1.0,,,,,,,,,,,,,2.0,,,,0.25,,1.0,,,,,,,1.0,,,,2.0,4.0,,,,0.5,,,,,,,1.0,,,,,,,,,,,1610612764,2015,2014-15,False
202066-202338-203078-2446-2743,1610612764,"Garrett Temple, Kevin Seraphin, Bradley Beal, Rasual Butler, Kris Humphries","Temple, Seraphin, Beal, Butler, Humphries",202066-202338-203078-2446-2743,WAS,262.0,2,4.0,1.0,7.0,7.0,,,14.0,,,,,6.0,5.0,,,,,,,,,6.0,,,,0.375,,,76.94656488549619,16.571428571428573,20.857142857142858,14.571428571428571,17.571428571428573,,,0.375,0.5581375,,,,,1.0,3.0,,,3.0,8.0,,,,,,,,1.0,2.0,,0.375,,0.375,,,0.375,0.3333333333333333,0.3333333333333333,,,,,9.8125,4.0,,1.0,,3.0,4.0,,,,,,,,,,,,0.5,0.6,,,0.5,,1.0,,,1.0,2.0,,,,,,,1.0,,,6.0,,3.0,3.0,1.0,,6.0,1.0,2.0,1.0,2.0,1.0,,,,1.0,1.0,,,,,,,0.2,0.6666666666666666,0.2,0.5,,0.6666666666666666,,1.0,0.125,,,,0.5,0.5,,,,,,,0.4159,,,,,,,,,,,,,,,,,,,,2.0,,1.0,1.0,1.0,,,,,,,,,,,,,,,,,,,,,,,,,,,,,,,,,,,,,,,,,,,,,,,,,,,,,1610612764,2015,2014-15,False
202066-202338-203490-2403-2446,1610612764,"Garrett Temple, Kevin Seraphin, Otto Porter Jr., Nene, Rasual Butler","Temple, Seraphin, Porter Jr., Nene, Butler",202066-202338-203490-2403-2446,WAS,8.0,1,,,,1.0,,1.0,1.0,,,,,,,,,,,,,,,,,,,,,,180.0,,8.0,,8.0,,,,,,,,,,,,,,,,,,,,,,,,,,,,,,,,,,,,,,,,1.0,,1.0,1.0,,,,,,,,,,,,1.0,1.0,,,,,,,,,,,,,,,,,,,,,,,,,,,,,,,,,,,,,,,,,,,,,,,,,,,,,,,,,,,,,,,,,,,,,,,,,,,,,,,,,,,,1.0,,,,,,,,,,,,,,,,,,,,,,,,,,,,,,,,,,,,,,,,,,,,,,,,,,,,,,,1610612764,2015,2014-15,False
202066-202338-203490-2446-2743,1610612764,"Garrett Temple, Kevin Seraphin, Otto Porter Jr., Rasual Butler, Kris Humphries","Temple, Seraphin, Porter Jr., Butler, Humphries",202066-202338-203490-2446-2743,WAS,163.0,4,3.0,-7.0,4.0,5.0,,1.0,9.0,1.0,1.0,1.0,,2.0,9.0,1.0,,,,1.0,,,,2.0,,,,0.25,,0.25,79.50920245398773,16.0,19.8,16.0,19.0,0.25,1.0,0.25,0.3837,,,53.8,,,,,,1.0,3.0,,,2.0,,,1.0,,2.0,3.0,,0.3333333333333333,,0.25,,,,,,,,,,19.066666666666666,3.0,1.0,,,1.0,1.0,,,,,,,,,0.3333333333333333,,,,0.3333333333333333,,,0.75,,,,,,1.0,,,,,,,,,,,,,,,,,,1.0,,,,1.0,,1.0,,,,,,,,,,0.5,,,,,1.0,,,,,,0.3333333333333333,0.5,,,,,,,,,,,,,,,,,,,,,,,,,,,,,,,,,,,,,,,,,,,,,,,,,,,,,,,,,,,1.0,,,,,,,,,,0.3333333333333333,,,,,,,,,,,,,,,1610612764,2015,2014-15,False
202066-203078-203490-2403-2743,1610612764,"Garrett Temple, Bradley Beal, Otto Porter Jr., Nene, Kris Humphries","Temple, Beal, Porter Jr., Nene, Humphries",202066-203078-203490-2403-2743,WAS,49.0,1,1.0,,2.0,2.0,1.0,,4.0,,,,,2.0,2.0,,,2.0,,,,,,2.0,2.0,1.0,,1.0,1.0,,117.55102040816327,7.5,17.0,7.5,17.0,,,,0.3977,0.3977,1.0,,0.5,,,,,1.0,1.0,1.0,1.0,,,,,,1.0,1.0,,1.0,1.0,1.0,1.0,,,,,,,,,9.4,,,1.0,,1.0,1.0,,,,,,,,,,,,1.0,1.0,,1.0,,,,,1.0,1.0,,,,,,,,,,,2.0,,1.0,1.0,,1.0,2.0,,,,,,,,,1.0,1.0,,,,,,,,,,,,,,,1.0,1.0,1.0,1.0,,,,,,,,,,,,,,,,,,,,,,,,,,,,,,,,,,,,,,,,,,,,,,,,,,,,,,,,,,,,,,,,,,,,,,,,,,,,,,,,,,,,,,1610612764,2015,2014-15,False
202322-202338-203078-203490-2400,1610612764,"John Wall, Kevin Seraphin, Bradley Beal, Otto Porter Jr., Drew Gooden","Wall, Seraphin, Beal, Porter Jr., Gooden",202322-202338-203078-203490-2400,WAS,455.0,5,8.0,10.0,14.0,13.0,6.0,2.0,27.0,,,1.0,8.0,18.0,8.0,,5.0,9.0,,5.0,1.0,9.0,1.0,12.0,9.0,6.0,1.0,0.5,0.5625,0.07142857142857142,85.45054945054946,16.571428571428573,17.153846153846153,15.285714285714286,15.461538461538462,,,0.42857142857142855,0.4725357142857143,0.4467833333333333,0.5,22.4,0.42857142857142855,3.0,5.0,1.0,3.0,5.0,13.0,2.0,6.0,4.0,1.0,1.0,1.0,1.0,1.0,5.0,,0.38461538461538464,0.3333333333333333,0.35714285714285715,0.3333333333333333,1.0,0.35714285714285715,0.6,0.75,0.5,0.3333333333333333,0.23529411764705882,,8.115384615384615,4.0,2.0,4.0,1.0,8.0,12.0,,1.0,4.0,1.0,,1.0,1.0,2.0,0.15384615384615385,0.2,0.3333333333333333,0.6666666666666666,0.7777777777777778,,0.5,0.2857142857142857,0.25,3.0,,1.0,4.0,1.0,,1.0,,,,1.0,2.0,6.0,,6.0,,3.0,3.0,2.0,,6.0,4.0,3.0,4.0,,,,,,0.6,0.6,,,,0.5,0.5,0.75,0.5,1.0,0.4444444444444444,1.0,0.3333333333333333,1.0,,0.6666666666666666,0.2857142857142857,0.25,0.3333333333333333,,0.25,0.25,0.07142857142857142,,,,,,0.3672,0.3333333333333333,,,,,,,,,,,,,,,,,,,1.0,1.0,1.0,1.0,,1.0,1.0,,,,,,,,,,,,,,,0.3333333333333333,,,,,,4.0,,0.25,,1.0,,,,,,,,,,,,,,,,,,,,,,,,,,1610612764,2015,2014-15,False
202322-202338-203078-203490-2403,1610612764,"John Wall, Kevin Seraphin, Bradley Beal, Otto Porter Jr., Nene","Wall, Seraphin, Beal, Porter Jr., Nene",202322-202338-203078-203490-2403,WAS,275.0,4,5.0,-3.0,7.0,9.0,2.0,1.0,16.0,3.0,1.0,4.0,3.0,6.0,9.0,2.0,1.0,1.0,3.0,3.0,,4.0,1.0,5.0,1.0,2.0,1.0,0.375,0.16666666666666666,0.6666666666666666,83.78181818181818,19.428571428571427,15.444444444444445,18.571428571428573,14.11111111111111,0.5,0.5,0.6666666666666666,0.5,0.555,0.16666666666666666,25.0,0.2857142857142857,,,,,,2.0,,,,,,2.0,2.0,2.0,4.0,,,,0.25,,,,,,,,0.14285714285714285,,18.0,2.0,,3.0,,4.0,6.0,,,1.0,1.0,1.0,,1.0,,,,,0.75,0.6666666666666666,0.5,1.0,0.3333333333333333,0.3333333333333333,1.0,,,,,,1.0,,1.0,1.0,,,1.0,,,3.0,,,,,,,1.0,2.0,,,2.0,,1.0,,,0.25,,0.25,,,0.5,,0.5,0.4,,,1.0,,,,,,,,,0.16666666666666666,,,,0.5,,,0.16666666666666666,1.0,,,1.0,,,,,1.0,,,,,,0.3333333333333333,0.3333333333333333,,0.3333333333333333,,,,,,,,,,,,,,,,,,,2.0,,0.6666666666666666,,1.0,,,,,1.0,0.5,,,1.0,,1.0,,,,,,,,,,,,,,,,,,,,,,,,1610612764,2015,2014-15,False
202322-202338-203078-203490-2446,1610612764,"John Wall, Kevin Seraphin, Bradley Beal, Otto Porter Jr., Rasual Butler","Wall, Seraphin, Beal, Porter Jr., Butler",202322-202338-203078-203490-2446,WAS,78.0,1,1.0,-1.0,3.0,3.0,3.0,3.0,6.0,,,1.0,,2.0,3.0,1.0,,2.0,,,,,,2.0,2.0,3.0,,0.3333333333333333,0.3333333333333333,0.3333333333333333,110.76923076923076,17.333333333333332,8.666666666666666,17.333333333333332,8.666666666666666,,,0.6666666666666666,0.47475,0.47475,1.0,24.3,1.0,,1.0,,1.0,1.0,2.0,1.0,2.0,,,,,,,1.0,,0.5,0.5,0.3333333333333333,0.3333333333333333,,0.3333333333333333,,,0.3333333333333333,,,,6.35,,,,,,,1.0,,,,,,,1.0,,,,,,,,,,,,1.0,1.0,,,1.0,,1.0,,,,,,2.0,,1.0,1.0,,1.0,2.0,,,,,,,,,1.0,1.0,,,,,,,,,,,,,,,0.3333333333333333,1.0,1.0,1.0,,,0.3333333333333333,,,,0.3333333333333333,,,,,,,,,,,,,,,,,,,,,,,,,,,,,,,,,,,,,,,,,,,,,,,,,,,,,,,,,,,,,,,,,,,,,,,,,,,,,,,1610612764,2015,2014-15,False
202322-202338-203078-203490-2743,1610612764,"John Wall, Kevin Seraphin, Bradley Beal, Otto Porter Jr., Kris Humphries","Wall, Seraphin, Beal, Porter Jr., Humphries",202322-202338-203078-203490-2743,WAS,625.0,9,10.0,2.0,20.0,18.0,3.0,8.0,38.0,2.0,,3.0,4.0,22.0,20.0,,,4.0,2.0,4.0,,6.0,,22.0,4.0,3.0,,0.55,0.6666666666666666,0.16666666666666666,87.552,14.1,19.055555555555557,13.5,17.88888888888889,0.1111111111111111,,0.5555555555555556,0.5490833333333334,0.8185333333333333,0.18181818181818182,24.866666666666664,0.15,4.0,7.0,2.0,3.0,9.0,15.0,2.0,3.0,12.0,2.0,1.0,2.0,,3.0,5.0,,0.6,0.6666666666666666,0.5,0.6666666666666666,1.0,0.3888888888888889,0.5714285714285714,0.6666666666666666,1.0,0.6666666666666666,0.2,,8.48,6.0,1.0,7.0,,7.0,8.0,,,4.0,1.0,1.0,,1.0,1.0,0.06666666666666667,0.14285714285714285,,0.6363636363636364,0.5833333333333334,0.6,,0.3333333333333333,0.23529411764705882,2.0,1.0,2.0,2.0,3.0,,1.0,,,,,2.0,,,6.0,,3.0,3.0,3.0,,6.0,1.0,,1.0,1.0,,,1.0,,0.3333333333333333,0.3333333333333333,,,,,,,0.16666666666666666,,0.1111111111111111,,0.3333333333333333,,,0.75,0.1111111111111111,1.0,1.0,,0.5,0.5,0.05555555555555555,,,0.5,,,0.48195,,,,,,,,,,,,,,,,,,,,,2.0,0.8,,1.0,,,,,,,,,,,,,,,,,,,,,,,,,,,,,,,,,,,,,,,,,,,,,,,,,,,,,1610612764,2015,2014-15,False
202322-202338-203078-2400-2446,1610612764,"John Wall, Kevin Seraphin, Bradley Beal, Drew Gooden, Rasual Butler","Wall, Seraphin, Beal, Gooden, Butler",202322-202338-203078-2400-2446,WAS,162.0,4,3.0,-5.0,4.0,4.0,1.0,1.0,8.0,1.0,1.0,3.0,,4.0,9.0,2.0,,2.0,1.0,1.0,,1.0,,2.0,2.0,1.0,,0.4,0.3333333333333333,0.6,71.1111111111111,18.5,22.0,18.5,21.25,0.2,0.3333333333333333,0.8,0.57358,0.6113833333333333,0.5,24.5,0.25,1.0,1.0,1.0,1.0,2.0,2.0,1.0,1.0,2.0,,,1.0,,2.0,3.0,,1.0,1.0,0.4,0.3333333333333333,,0.2,1.0,1.0,0.3333333333333333,1.0,0.2,,8.7,1.0,,1.0,,1.0,2.0,,,1.0,,,,,,,,,0.5,0.5,,0.5,0.2,0.5,,1.0,,,1.0,,2.0,,1.0,,1.0,1.0,2.0,,2.0,,1.0,1.0,,,2.0,,,1.0,,,1.0,,1.0,0.5,1.0,,,,1.0,1.0,1.0,,,0.3333333333333333,,,,,,,,,,1.0,1.0,0.4,,,1.0,0.3333333333333333,,,0.5,,,,,,,,,,,,,,,,,,,1.0,1.0,,1.0,,,,,,,,,,,,,,,1.0,,0.3333333333333333,,,,,,,,1.0,,,,,,1.0,2.0,,,,1.0,,,,,,,,,,,,,,,,,,1610612764,2015,2014-15,False
202322-202338-203078-2403-2446,1610612764,"John Wall, Kevin Seraphin, Bradley Beal, Nene, Rasual Butler","Wall, Seraphin, Beal, Nene, Butler",202322-202338-203078-2403-2446,WAS,1891.0,20,32.0,8.0,61.0,55.0,4.0,2.0,116.0,4.0,1.0,10.0,12.0,70.0,62.0,2.0,1.0,7.0,4.0,21.0,,19.0,,68.0,7.0,4.0,,0.6862745098039216,1.1666666666666667,0.22727272727272727,88.3342147012163,15.163934426229508,17.563636363636363,14.868852459016393,15.927272727272728,0.09090909090909091,0.5,0.5454545454545454,0.5002840909090909,0.570525,0.1,24.25,0.06557377049180328,10.0,14.0,,,23.0,34.0,,,18.0,7.0,3.0,10.0,1.0,6.0,13.0,,0.6764705882352942,,0.6590909090909091,1.5,0.7,0.3181818181818182,0.7142857142857143,0.9090909090909091,,,0.21568627450980393,,9.85,14.0,3.0,11.0,1.0,19.0,21.0,,,11.0,4.0,2.0,2.0,4.0,1.0,0.08823529411764706,0.21428571428571427,1.0,0.5238095238095238,0.5625,0.5714285714285714,0.45454545454545453,0.3181818181818182,0.2682926829268293,3.0,1.0,4.0,6.0,9.0,2.0,6.0,1.0,1.0,4.0,1.0,1.0,2.0,2.0,28.0,3.0,14.0,17.0,7.0,2.0,37.0,2.0,7.0,2.0,6.0,4.0,3.0,4.0,1.0,0.6086956521739131,0.6363636363636364,0.4,1.0,0.4,1.0,0.5,0.5,0.18181818181818182,0.6363636363636364,0.11764705882352941,,0.4,0.7,,0.7,0.13636363636363635,0.6666666666666666,0.6666666666666666,0.5,0.6428571428571429,0.6428571428571429,0.13636363636363635,0.3333333333333333,0.3333333333333333,0.5,0.5,1.0,0.604225,0.02857142857142857,2.0,1.0,9.0,2.0,,3.0,2.0,,1.0,0.75,,,,1.0,0.5,0.5,1.0,0.5,5.0,4.0,0.6666666666666666,0.5555555555555556,2.0,2.0,0.5,,,,,,,,1.0,,1.0,1.0,,,,,,0.5,0.5,,,,,,,1.0,,,1.0,2.0,,,1.0,1.0,,,,,,,1.0,,,,,,,1.0,,,,1610612764,2015,2014-15,False
202322-202338-203078-2446-2743,1610612764,"John Wall, Kevin Seraphin, Bradley Beal, Rasual Butler, Kris Humphries","Wall, Seraphin, Beal, Butler, Humphries",202322-202338-203078-2446-2743,WAS,937.0,17,16.0,-3.0,28.0,27.0,6.0,8.0,55.0,,,3.0,3.0,32.0,35.0,1.0,1.0,4.0,,5.0,,6.0,,28.0,4.0,6.0,,0.5714285714285714,0.5,0.12,84.52508004268944,17.678571428571427,16.37037037037037,17.071428571428573,14.814814814814815,,,0.32,0.45981,0.4295333333333333,0.125,23.400000000000002,0.21428571428571427,3.0,5.0,,,10.0,22.0,,2.0,8.0,,,4.0,2.0,2.0,8.0,,0.45454545454545453,,0.58,0.5,,0.2,0.6,0.6,,,0.10714285714285714,,12.872727272727273,13.0,,4.0,,8.0,11.0,,,3.0,3.0,2.0,1.0,3.0,2.0,,,,0.4,0.5714285714285714,0.25,0.6,0.52,0.12,3.0,3.0,2.0,4.0,5.0,3.0,3.0,1.0,1.0,3.0,2.0,3.0,4.0,1.0,12.0,,6.0,9.0,2.0,1.0,21.0,3.0,4.0,3.0,,,4.0,,2.0,0.6,0.6666666666666666,1.0,1.0,1.0,0.6666666666666666,0.6666666666666666,0.6666666666666666,0.2727272727272727,1.0,0.2727272727272727,,0.25,1.0,1.0,0.6666666666666666,0.16,0.5,0.5,0.5,0.38461538461538464,0.38461538461538464,0.12,1.0,1.0,1.0,0.3333333333333333,1.0,0.5888333333333333,0.125,,,9.0,,,3.0,3.0,,,1.0,,,,1.0,,,,,3.0,,,0.6,,,,1.0,,,,,,,,,,,,,,1.0,,,,,,,,,,,,,2.0,2.0,,,,0.6666666666666666,,,,1.0,,,,0.5,,,,,,,,,,1610612764,2015,2014-15,False
202322-202338-203318-203490-2400,1610612764,"John Wall, Kevin Seraphin, Glen Rice, Otto Porter Jr., Drew Gooden","Wall, Seraphin, Rice, Porter Jr., Gooden",202322-202338-203318-203490-2400,WAS,1.0,1,,,1.0,,1.0,,1.0,,,,,,,,,,,,,,,,,1.0,,,,,1440.0,1.0,,,,,,,,,,,1.0,,,,,,,,,,,,,,,,,,,,,,,,,,,,,,,,,,,,,,,,,,,,,,,,,,,,,1.0,,,,,,,,,,,,,,,,,,,,,,,,,,,,,,,,,,,,,,,,,,,,,,,,,,,,,,,,,,,,,,,,,,,,,,,,,,,,,,,,,,,,,,,,,,,,,,,,,,,,,,,,,,,,,,,,,,,,,,,,,,,,,,,,,,,,,,1610612764,2015,2014-15,False
202322-202338-203490-2400-2446,1610612764,"John Wall, Kevin Seraphin, Otto Porter Jr., Drew Gooden, Rasual Butler","Wall, Seraphin, Porter Jr., Gooden, Butler",202322-202338-203490-2400-2446,WAS,684.0,6,11.0,-12.0,23.0,23.0,5.0,13.0,46.0,6.0,1.0,8.0,4.0,23.0,35.0,1.0,1.0,3.0,6.0,4.0,,8.0,,19.0,3.0,5.0,,0.5476190476190477,0.3,0.4444444444444444,96.84210526315789,14.869565217391305,14.869565217391305,13.826086956521738,14.478260869565217,0.3333333333333333,0.25,0.5555555555555556,0.4577777777777778,0.4322,0.13043478260869565,25.125,0.21739130434782608,1.0,2.0,,,5.0,10.0,1.0,3.0,4.0,3.0,2.0,6.0,2.0,4.0,5.0,1.0,0.5,0.3333333333333333,0.5277777777777778,0.25,0.5,0.1111111111111111,0.5,0.5,,,0.19047619047619047,0.125,14.34,6.0,,3.0,2.0,7.0,9.0,,,3.0,2.0,1.0,1.0,2.0,,,,1.0,0.75,0.8333333333333334,1.0,,0.3333333333333333,0.23076923076923078,3.0,1.0,2.0,2.0,2.0,1.0,2.0,,,3.0,2.0,2.0,4.0,,6.0,3.0,3.0,5.0,1.0,1.0,12.0,,2.0,2.0,1.0,,3.0,1.0,,0.6,0.6,0.375,,0.375,1.0,1.0,1.0,,1.0,0.2222222222222222,,,1.0,1.0,1.0,0.1111111111111111,1.0,1.0,0.5,0.3333333333333333,0.3333333333333333,0.1111111111111111,0.5,0.5,0.5,,,0.3791,0.17391304347826086,2.0,,6.0,2.0,,2.0,1.0,,1.0,0.6666666666666666,,,,1.0,0.3333333333333333,0.3333333333333333,,0.3333333333333333,1.0,,1.0,0.5,1.0,1.0,0.5,,1.0,,,,,,,,,1.0,2.0,,0.4,,1.0,0.5,,,,,0.25,,,,,2.0,1.0,,,,1.0,1.0,,,,,,,,1.0,,,,1.0,,,,,,1610612764,2015,2014-15,False
202322-202338-203490-2403-2446,1610612764,"John Wall, Kevin Seraphin, Otto Porter Jr., Nene, Rasual Butler","Wall, Seraphin, Porter Jr., Nene, Butler",202322-202338-203490-2403-2446,WAS,790.0,8,13.0,-6.0,25.0,27.0,10.0,16.0,52.0,5.0,4.0,8.0,5.0,29.0,35.0,4.0,3.0,12.0,3.0,5.0,,7.0,,18.0,12.0,10.0,,0.4666666666666667,0.5,0.2962962962962963,94.78481012658229,15.24,15.148148148148149,13.64,15.0,0.18518518518518517,0.4,0.5185185185185185,0.47592,0.54735,0.41379310344827586,32.075,0.4,5.0,6.0,3.0,3.0,9.0,19.0,3.0,6.0,12.0,,,3.0,2.0,6.0,11.0,,0.47368421052631576,0.5,0.4444444444444444,0.45,,0.2222222222222222,0.8333333333333334,1.0,0.3,1.0,0.1,,10.263157894736842,8.0,1.0,7.0,,10.0,15.0,1.0,1.0,3.0,,,,,2.0,0.05263157894736842,0.16666666666666666,,0.7777777777777778,0.8333333333333334,1.0,0.6666666666666666,0.2962962962962963,0.13636363636363635,6.0,3.0,4.0,5.0,,1.0,3.0,,,2.0,4.0,5.0,11.0,1.0,6.0,3.0,3.0,4.0,1.0,2.0,9.0,4.0,3.0,5.0,,,3.0,,,0.3333333333333333,0.3333333333333333,0.25,0.25,0.3333333333333333,0.8,0.9166666666666666,0.9166666666666666,0.4,1.0,0.38461538461538464,1.0,0.375,1.0,1.0,0.2,0.18518518518518517,0.8,0.8,0.5,,,0.1111111111111111,0.3333333333333333,0.3333333333333333,0.5,,,0.53371,0.3793103448275862,1.0,1.0,3.0,1.0,,1.0,1.0,,,0.5,,,,1.0,0.2,0.2,0.25,0.3333333333333333,,,1.0,,,,,,1.0,,,,,1.0,1.0,1.0,1.0,,1.0,1.0,0.3333333333333333,,0.5,,0.16666666666666666,1.0,,,,,1.0,,2.0,1.0,3.0,,,,1.0,1.0,,,,,,,,,,,,,,,,,,1610612764,2015,2014-15,False
202322-202338-203490-2446-2743,1610612764,"John Wall, Kevin Seraphin, Otto Porter Jr., Rasual Butler, Kris Humphries","Wall, Seraphin, Porter Jr., Butler, Humphries",202322-202338-203490-2446-2743,WAS,877.0,12,15.0,-11.0,33.0,30.0,20.0,18.0,63.0,5.0,4.0,5.0,6.0,27.0,38.0,4.0,6.0,17.0,4.0,9.0,,7.0,1.0,23.0,17.0,20.0,1.0,0.48214285714285715,0.5,0.2,103.44355758266818,12.06060606060606,15.966666666666667,11.393939393939394,14.4,0.2,0.2857142857142857,0.4,0.4241458333333334,0.4242714285714286,0.6296296296296297,36.339999999999996,0.6060606060606061,4.0,5.0,3.0,3.0,9.0,20.0,4.0,10.0,4.0,4.0,3.0,6.0,3.0,4.0,6.0,,0.45,0.4,0.42,0.39285714285714285,0.6666666666666666,0.2,0.8,0.8,0.21428571428571427,1.0,0.1111111111111111,,11.285,11.0,,5.0,,6.0,10.0,,,3.0,2.0,2.0,,3.0,,,,,0.5555555555555556,0.5,0.3333333333333333,0.5,0.44,0.13636363636363635,5.0,2.0,2.0,4.0,3.0,,,,,1.0,2.0,5.0,4.0,1.0,14.0,3.0,7.0,7.0,3.0,2.0,14.0,3.0,1.0,4.0,3.0,2.0,2.0,1.0,2.0,0.7777777777777778,0.875,0.2,0.25,0.25,0.4,0.4,0.4,0.3333333333333333,0.3333333333333333,0.3333333333333333,,0.16666666666666666,0.3333333333333333,,0.75,0.16,0.5,0.5,1.0,0.2727272727272727,0.2727272727272727,,,,0.4,,,0.4161,0.14814814814814814,1.0,1.0,,1.0,,,,1.0,,,,,0.08333333333333333,,0.2,0.2,0.25,0.25,2.0,1.0,1.0,0.6666666666666666,1.0,1.0,0.3333333333333333,,,,1.0,,,,,,,,1.0,,0.3333333333333333,1.0,,,,,,,0.3333333333333333,,2.0,1.0,1.0,,1.0,2.0,,,,0.5,,,,,,,,,,,,,,,1.0,,,1610612764,2015,2014-15,False
202322-203078-203490-2400-2403,1610612764,"John Wall, Bradley Beal, Otto Porter Jr., Drew Gooden, Nene","Wall, Beal, Porter Jr., Gooden, Nene",202322-203078-203490-2400-2403,WAS,142.0,2,2.0,-7.0,4.0,5.0,,4.0,9.0,,,1.0,2.0,5.0,12.0,,,,,1.0,,2.0,,5.0,,,,0.8333333333333334,,0.5,91.26760563380282,16.0,15.6,16.0,15.6,,,0.5,0.50555,,,23.1,,,,,,,1.0,,,,1.0,1.0,1.0,,,2.0,,,,0.75,,1.0,,,,,,0.3333333333333333,,17.9,1.0,,,,,,,,1.0,,,,,1.0,,,,,,,,0.5,0.5,,,,,,1.0,1.0,,,1.0,,,,,,,,1.0,,,3.0,,,,,,,,,,,1.0,,1.0,,,,,,,,,,,,,,,,,,0.5,1.0,1.0,,,,,,,,3.0,,,1.0,1.0,,,1.0,,,,1.0,,,,,,,,,,,,,,,,,,,,,,,,,,,,,,,,,,,,,,,,,,,,,,,,,,,,,,,,,,,,,,1610612764,2015,2014-15,False
202322-203078-203490-2403-2446,1610612764,"John Wall, Bradley Beal, Otto Porter Jr., Nene, Rasual Butler","Wall, Beal, Porter Jr., Nene, Butler",202322-203078-203490-2403-2446,WAS,202.0,2,3.0,,6.0,6.0,4.0,6.0,12.0,,,,2.0,4.0,4.0,,2.0,4.0,,1.0,,2.0,1.0,4.0,4.0,4.0,1.0,0.5,0.6666666666666666,,85.54455445544555,12.5,21.166666666666668,12.5,16.333333333333332,,,0.3333333333333333,0.5049,0.58655,1.0,,0.6666666666666666,1.0,1.0,1.0,1.0,1.0,3.0,1.0,2.0,2.0,1.0,1.0,2.0,1.0,1.0,3.0,,0.3333333333333333,0.5,0.3333333333333333,0.5,0.5,0.3333333333333333,1.0,1.0,0.5,1.0,,,11.9,2.0,,,,2.0,2.0,,,,1.0,1.0,,1.0,,,,,,0.5,,,0.6666666666666666,,,,,,,,,,,,,,,,,,,,,,,,2.0,,,,1.0,,1.0,,,,,,,,,,0.6666666666666666,,,,0.6666666666666666,,,,,,,,,,,,,,,,,,,,,,,,,,,,,,,,,,,,,,,,,,,,,,,,,,,,,,,,,,,,,,,,,,,,,,,,,,,,,,,,,,,,,,,,,,,,1610612764,2015,2014-15,False
202322-203078-203490-2403-2743,1610612764,"John Wall, Bradley Beal, Otto Porter Jr., Nene, Kris Humphries","Wall, Beal, Porter Jr., Nene, Humphries",202322-203078-203490-2403-2743,WAS,712.0,8,12.0,6.0,23.0,23.0,7.0,11.0,46.0,4.0,1.0,4.0,2.0,28.0,22.0,1.0,1.0,8.0,4.0,2.0,,3.0,1.0,19.0,8.0,7.0,1.0,0.5833333333333334,0.6666666666666666,0.17391304347826086,93.03370786516854,16.347826086956523,14.608695652173912,15.826086956521738,13.956521739130435,0.17391304347826086,0.2,0.4782608695652174,0.4701326086956522,0.48715,0.2857142857142857,25.125,0.30434782608695654,6.0,7.0,1.0,2.0,10.0,19.0,2.0,4.0,16.0,4.0,4.0,4.0,2.0,1.0,2.0,,0.5263157894736842,0.5,0.5652173913043478,0.7,1.0,0.30434782608695654,0.8571428571428571,1.0,0.4,0.5,0.043478260869565216,,10.126315789473685,8.0,3.0,7.0,1.0,11.0,16.0,,,1.0,1.0,,1.0,1.0,1.0,0.15789473684210525,0.14285714285714285,1.0,0.875,0.8333333333333334,1.0,0.6666666666666666,0.34782608695652173,0.05263157894736842,5.0,3.0,1.0,4.0,3.0,,,,,2.0,3.0,4.0,9.0,1.0,4.0,,2.0,4.0,1.0,,10.0,5.0,3.0,5.0,1.0,1.0,,,,0.2,0.2857142857142857,0.5,1.0,0.5,0.75,0.9,0.9,0.5555555555555556,0.75,0.45454545454545453,1.0,0.6,1.0,,0.16666666666666666,0.17391304347826086,0.25,0.5,,0.375,0.375,,,,0.6,,,0.47120999999999996,0.32142857142857145,2.0,1.0,6.0,2.0,,2.0,,,,1.0,,,,,0.5,0.5,1.0,0.5,1.0,1.0,1.0,0.3333333333333333,,,,,,,,,,1.0,1.0,1.0,1.0,2.0,,1.0,,0.3333333333333333,,1.0,0.2,1.0,1.0,,,0.5,,,,,3.0,6.0,,,,1.0,,,,,,,,,,,,,,,,,,1610612764,2015,2014-15,False
202322-203078-2400-2403-2446,1610612764,"John Wall, Bradley Beal, Drew Gooden, Nene, Rasual Butler","Wall, Beal, Gooden, Nene, Butler",202322-203078-2400-2403-2446,WAS,103.0,2,2.0,-2.0,3.0,2.0,,1.0,5.0,1.0,,1.0,,,2.0,,,,1.0,2.0,,2.0,,,,,,,,0.5,69.90291262135922,17.333333333333332,25.5,15.333333333333334,25.5,0.5,,0.5,0.47340000000000004,,,25.0,,,,,,,1.0,,,,,,1.0,,,,,,,,,,,,,,,0.3333333333333333,,4.6,,1.0,,,,1.0,,,1.0,,,,,,1.0,,,,,,,,0.5,1.0,,,1.0,,,,,,,,,,,,,,,,,,1.0,,1.0,,,1.0,,,,,,,,,,,1.0,,0.5,,,,,,0.5,,,,,,,,,,,,,,,,,,,,,,,,,,,,,,,,,,,,,,,,,,,,,,,,,,,,,1.0,,,,,,,,1.0,1.0,,,1.0,,,,,,,,,,,,,,,,,,,,,,,,1610612764,2015,2014-15,False
202322-203078-2403-2446-2743,1610612764,"John Wall, Bradley Beal, Nene, Rasual Butler, Kris Humphries","Wall, Beal, Nene, Butler, Humphries",202322-203078-2403-2446-2743,WAS,380.0,3,6.0,2.0,12.0,13.0,7.0,9.0,25.0,2.0,2.0,3.0,4.0,13.0,11.0,2.0,4.0,9.0,2.0,3.0,,4.0,2.0,11.0,9.0,7.0,1.0,0.5,0.5,0.2727272727272727,94.73684210526316,14.5,15.846153846153847,13.75,14.538461538461538,0.18181818181818182,0.2857142857142857,0.6363636363636364,0.5231,0.49050714285714286,0.6923076923076923,24.53333333333333,0.5833333333333334,2.0,4.0,,2.0,3.0,8.0,1.0,5.0,4.0,1.0,1.0,2.0,1.0,1.0,3.0,,0.375,0.2,0.4090909090909091,0.35714285714285715,0.5,0.36363636363636365,0.5,0.6666666666666666,0.2857142857142857,,,,8.95,4.0,1.0,2.0,1.0,7.0,9.0,,,,1.0,1.0,,1.0,1.0,0.125,0.25,1.0,0.6666666666666666,0.6666666666666666,,1.0,0.36363636363636365,,2.0,1.0,,,1.0,,1.0,,,1.0,,1.0,2.0,1.0,2.0,,1.0,2.0,1.0,,5.0,1.0,4.0,2.0,,,1.0,,,0.3333333333333333,0.3333333333333333,0.3333333333333333,0.5,0.3333333333333333,,,0.5,0.2,0.6666666666666666,0.2857142857142857,,0.3333333333333333,0.75,0.5,0.5,,,,,0.25,0.25,0.09090909090909091,,,1.0,,,0.7332,0.15384615384615385,1.0,1.0,3.0,1.0,,1.0,,1.0,,1.0,,,0.16666666666666666,,0.5,0.5,0.5,0.5,,,1.0,,,,,,1.0,,,,,,,,,1.0,1.0,,0.5,,,1.0,,,,2.0,1.0,,1.0,,,,,,,,,,,,,,,,,,,,,,,,,,,1610612764,2015,2014-15,False
202322-203318-203490-2400-2743,1610612764,"John Wall, Glen Rice, Otto Porter Jr., Drew Gooden, Kris Humphries","Wall, Rice, Porter Jr., Gooden, Humphries",202322-203318-203490-2400-2743,WAS,43.0,1,1.0,2.0,3.0,2.0,3.0,,5.0,,,,2.0,2.0,,,2.0,2.0,,1.0,,2.0,1.0,2.0,2.0,3.0,1.0,0.5,0.5,,167.44186046511626,9.333333333333334,7.5,8.666666666666666,7.5,,,1.0,0.7054,0.7054,1.0,,1.0,,1.0,,1.0,,1.0,,1.0,,1.0,1.0,2.0,2.0,,1.0,,,,,,0.5,1.0,,,1.0,,,,1.0,,1.0,,,,1.0,,,,,,,,,1.0,1.0,,,,,,,,1.0,,,,,,,,,,,,,,,,,,,,,1.0,,1.0,1.0,,1.0,,,,,,,,,,,1.0,,1.0,1.0,,,,,,,,,,,,,,,,,,,,,,,,,,,1.0,,,,,,,,,,,,,,1.0,,,,,,,,,,,,,,,,,,,,,,,,,,,,,1.0,,,,,,,,,,,,,,,,,,,,,,,,1610612764,2015,2014-15,False
202322-203490-2400-2403-2446,1610612764,"John Wall, Otto Porter Jr., Drew Gooden, Nene, Rasual Butler","Wall, Porter Jr., Gooden, Nene, Butler",202322-203490-2400-2403-2446,WAS,72.0,1,1.0,,3.0,2.0,3.0,2.0,5.0,1.0,1.0,1.0,2.0,2.0,2.0,1.0,2.0,2.0,1.0,1.0,1.0,2.0,,,2.0,3.0,,0.5,0.5,1.0,100.0,18.333333333333332,8.5,11.333333333333334,8.5,1.0,1.0,1.0,0.4842,0.4842,1.0,24.3,1.0,,,,,,,,,,2.0,2.0,2.0,2.0,1.0,1.0,,,,,,1.0,,,,,,0.5,,,,,,,,1.0,,,1.0,,,,,,,,,,,,,,1.0,1.0,,,,,,,,,,,,2.0,,,,,,,,,,,1.0,,,,,,,,,,,,,1.0,,,1.0,,,,,,,,,,,,,,,,,,,1.0,,,,,,,,,,,,,,,,,,,,,,,,,,,,,,,,,,,,,1.0,,1.0,,,,,,,2.0,1.0,,,,,,,,,,,,,,,,,,,,,,,,,,,,,1610612764,2015,2014-15,False
202322-203490-2400-2446-2743,1610612764,"John Wall, Otto Porter Jr., Drew Gooden, Rasual Butler, Kris Humphries","Wall, Porter Jr., Gooden, Butler, Humphries",202322-203490-2400-2446-2743,WAS,85.0,1,1.0,-2.0,3.0,3.0,3.0,3.0,6.0,,,,,4.0,6.0,,,4.0,,,,,,4.0,4.0,3.0,,1.0,1.0,,101.6470588235294,15.0,13.333333333333334,15.0,13.333333333333334,,,0.5,0.6146,0.6146,1.0,,1.0,1.0,1.0,1.0,1.0,2.0,2.0,2.0,2.0,2.0,,,,,1.0,1.0,,1.0,1.0,1.0,1.0,,0.5,1.0,1.0,0.5,1.0,,,8.7,1.0,,,,,,,,,,,,,,,,,,,,,0.5,,,,,,1.0,,,,,,,,,,2.0,,1.0,1.0,,,2.0,,,,,,,,,0.5,0.5,,,,,,,,,,,,,,,,,,,1.0,1.0,,,,,,,,,,,,,,,,,,,,,,,,,,,1.0,,,1.0,,,,,,,,,,,,,,,,,,,,,,,,,,,,,,,,,,,,,,,,,,,,,,,,,,,,,,1610612764,2015,2014-15,False
202322-203490-2403-2446-2743,1610612764,"John Wall, Otto Porter Jr., Nene, Rasual Butler, Kris Humphries","Wall, Porter Jr., Nene, Butler, Humphries",202322-203490-2403-2446-2743,WAS,295.0,2,5.0,-6.0,8.0,11.0,1.0,2.0,19.0,,,,,10.0,16.0,,,,,2.0,,,,10.0,,1.0,,0.625,,,92.7457627118644,19.875,12.363636363636363,19.0,12.272727272727273,,,0.375,0.500725,,,,0.125,3.0,3.0,,,5.0,8.0,,,2.0,1.0,1.0,1.0,1.0,2.0,2.0,,0.625,,0.625,,1.0,0.375,1.0,1.0,,,,,10.5625,4.0,,1.0,1.0,2.0,3.0,,,,1.0,1.0,,1.0,,,,1.0,0.5,0.5,0.5,,0.5,,1.0,,1.0,1.0,1.0,,,,,,,1.0,,,8.0,,4.0,4.0,3.0,,8.0,1.0,,1.0,,,,,,0.8,0.8,,,,,,,0.3333333333333333,,0.3333333333333333,,0.3333333333333333,,,1.0,0.125,1.0,1.0,,0.25,0.25,,,,,,,0.4031,,,,,,,,,,,,,,,,,,,,1.0,,,1.0,,,,,,,,,,,,,,,,,,,,,,,,,,,1.0,,,,,,,,,,,,,,,,,,,,,,,,,,,1610612764,2015,2014-15,False
